131
213
284
293
282
345
331
429
502
576
564
590
543
579
607
658
757
820
909
953
977
977
934
976
1033
1076
1052
1120
1137
1129
1141
1095
1146
1130
1088
1052
1072
1157
1177
1240
1287
1307
1341
1432
1487
1493
1578
1551
1647
1677
1733
1734
1787
1814
1866
1871
1855
1868
1923
2005
1991
2019
2080
2137
2158
2240
2275
2329
2359
2353
2349
2441
2531
2507
2572
2553
2649
2599
2626
2696
2712
2748
2819
2812
2858
2924
3005
2982
2981
3080
3081
3051
3076
3081
3112
3183
3241
3202
3209
3259
3219
3254
3313
3361
3399
3494
3506
3467
3417
3467
3555
3527
3575
3658
3708
3696
3711
3794
3745
3758
3767
3834
3866
3937
3924
3987
3998
4014
4016
4008
3992
3968
3980
3952
3956
3939
4028
4053
4056
4043
4016
3992
3990
4039
4078
4066
4050
4025
4082
4079
4038
4138
4091
4138
4097
4167
4143
4171
4146
4126
4212
4263
4330
4427
4409
4450
4413
4454
4458
4488
4528
4494
4584
4617
4600
4616
4638
4637
4659
4737
4777
4843
4929
4901
4919
4982
5035
5027
5117
5117
5124
5221
5191
5262
5291
5378
5382
5477
5503
5483
5455
5491
5562
5534
5552
5612
5574
5649
5653
5632
5686
5680
5734
5735
5785
5820
5778
5732
5819
5774
5847
5802
5772
5758
5723
5741
5716
5684
5729
5712
5681
5693
5735
5721
5693
5730
5728
5726
5709
5778
5776
5808
5817
5889
5938
6014
6029
6103
6058
6112
6088
6057
6036
5986
5944
5992
5962
6015
5975
5930
5948
6018
6052
6060
6059
6055
6128
6220
6201
6175
6206
6189
6214
6250
6256
6315
6408
6430
6415
6408
6501
6564
6594
6593
6545
6633
6585
6635
6636
6652
6648
6621
6594
6648
6661
6695
6783
6850
6945
6900
6946
7029
7024
7020
7025
7018
7117
7191
7172
7179
7253
7242
7253
7327
7393
7406
7361
7382
7386
7486
7552
7620
7622
7631
7589
7611
7631
7589
7673
7773
7767
7751
7710
7702
7780
7877
7888
7964
7917
7930
7987
7995
8077
8032
8061
8068
8091
8176
8161
8140
8151
8177
8233
8232
8208
8166
8238
8281
8346
8364
8393
8446
8518
8470
8536
8610
8663
8734
8697
8723
8734
8808
8811
8813
8902
8993
8966
8966
8922
8990
8968
9033
9085
9183
9181
9214
9205
9157
9170
9239
9296
9269
9254
9249
9327
9287
9301
9335
9335
9345
9431
9437
9400
9464
9428
9498
9557
9612
9614
9703
9775
9795
9774
9830
9852
9938
9953
9915
9928
9878
9891
9903
9919
9972
10006
10043
10119
10074
10100
10120
10203
10302
10327
10368
10412
10428
10460
10486
10479
10484
10544
10538
10506
10481
10494
10515
10596
10593
10604
10680
10669
10690
10750
10706
10725
10724
10739
10786
10833
10837
10867
10881
10850
10922
10987
11033
10993
11003
11096
11188
11244
11243
11329
11425
11474
11494
11462
11529
11479
11450
11451
11539
11621
11618
11629
11592
11604
11599
11676
11758
11710
11803
11869
11939
12037
12079
12040
12010
12054
12150
12193
12231
12189
12258
12307
12281
12378
12420
12520
12557
12586
12573
12559
12649
12684
12705
12753
12727
12735
12761
12849
12898
12976
13073
13077
13113
13149
13132
13159
13180
13181
13146
13151
13129
13200
13208
13185
13174
13126
13226
13258
13321
13389
13369
13429
13397
13398
13371
13329
13405
13372
13416
13511
13487
13526
13558
13547
13540
13634
13658
13712
13751
13728
13698
13727
13783
13852
13936
13976
13954
13919
13975
14062
14073
14063
14121
14078
14067
14052
14051
14003
13995
13991
14008
14098
14062
14056
14149
14244
14246
14303
14350
14400
14492
14462
14547
14628
14724
14710
14794
14861
14949
15046
15132
15098
15084
15165
15123
15167
15262
15228
15305
15308
15272
15295
15303
15338
15293
15311
15398
15454
15542
15620
15701
15727
15798
15767
15729
15774
15750
15730
15729
15758
15717
15779
15861
15822
15790
15785
15778
15816
15781
15753
15797
15828
15805
15798
15875
15936
15982
15953
16015
15982
15933
15900
15923
15878
15900
15939
15892
15983
16040
16125
16116
16210
16234
16266
16341
16363
16322
16301
16287
16285
16267
16303
16381
16449
16463
16501
16465
16419
16370
16344
16335
16306
16348
16360
16410
16482
16503
16524
16539
16586
16568
16587
16677
16666
16751
16722
16770
16838
16868
16897
16928
16931
16936
16930
17004
17013
16993
17001
16954
16978
16982
17075
17137
17145
17237
17203
17253
17241
17321
17389
17341
17412
17415
17449
17504
17548
17626
17725
17821
17772
17760
17746
17786
17829
17833
17849
17885
17982
18049
18008
18079
18161
18179
18135
18208
18253
18222
18270
18307
18387
18434
18467
18489
18560
18604
18680
18705
18662
18636
18694
18717
18764
18763
18830
18844
18928
18976
18946
18986
19075
19172
19210
19217
19313
19267
19349
19415
19441
19479
19575
19618
19718
19761
19768
19796
19852
19845
19874
19864
19814
19863
19911
20004
20047
19998
20014
20092
20068
20119
20154
20218
20227
20265
20240
20324
20346
20299
20360
20455
20471
20445
20417
20441
20505
20515
20501
20474
20486
20542
20495
20530
20502
20598
20560
20534
20523
20547
20618
20662
20692
20642
20698
20714
20669
20687
20676
20647
20647
20670
20652
20638
20704
20776
20781
20772
20795
20864
20928
20969
21063
21087
21177
21149
21210
21257
21322
21297
21287
21248
21207
21232
21212
21298
21326
21322
21291
21369
21412
21415
21413
21383
21414
21364
21416
21454
21404
21372
21344
21377
21393
21481
21528
21504
21462
21448
21468
21529
21599
21596
21677
21772
21759
21753
21707
21733
21770
21834
21851
21868
21840
21820
21888
21842
21836
21892
21935
21928
22022
22068
22130
22161
22189
22194
22181
22268
22327
22350
22311
22386
22477
22482
22451
22511
22582
22608
22612
22567
22584
22559
22634
22600
22661
22703
22693
22717
22783
22871
22871
22839
22893
22888
22857
22935
22886
22854
22932
22940
22994
23077
23140
23120
23103
23129
23213
23287
23288
23385
23376
23417
23504
23525
23564
23617
23712
23671
23760
23744
23723
23674
23684
23686
23774
23816
23874
23866
23960
23977
24065
24105
24188
24279
24251
24330
24404
24419
24503
24466
24486
24488
24512
24610
24622
24627
24709
24766
24822
24843
24876
24903
24959
24956
24952
24920
24947
24900
24967
25038
25004
25009
25053
25055
25048
25030
25042
24998
25074
25046
25092
25102
25193
25230
25233
25187
25178
25226
25257
25349
25448
25496
25555
25560
25555
25614
25628
25645
25709
25670
25644
25626
25624
25617
25622
25700
25666
25766
25788
25822
25821
25804
25886
25869
25931
26026
26061
26114
26095
26190
26168
26193
26287
26287
26281
26251
26228
26292
26254
26328
26335
26330
26352
26313
26353
26424
26432
26499
26485
26554
26504
26580
26615
26602
26662
26728
26779
26835
26806
26880
26873
26852
26905
26940
26912
26865
26844
26913
27002
27052
27144
27240
27272
27274
27247
27337
27415
27372
27441
27486
27443
27398
27365
27321
27384
27450
27402
27377
27463
27560
27514
27602
27590
27651
27733
27829
27910
27924
27999
27985
27970
28017
28061
28017
27985
28083
28073
28072
28162
28169
28159
28232
28217
28292
28248
28229
28307
28384
28427
28436
28404
28413
28423
28407
28405
28371
28396
28425
28456
28409
28369
28437
28531
28561
28524
28494
28505
28455
28492
28447
28528
28492
28501
28554
28540
28542
28622
28633
28663
28695
28766
28735
28719
28734
28753
28824
28860
28904
28999
29068
29068
29026
29017
29085
29119
29150
29189
29211
29246
29237
29195
29168
29256
29233
29318
29371
29454
29552
29635
29697
29702
29742
29751
29770
29791
29795
29760
29714
29742
29719
29755
29772
29850
29908
29967
29924
29926
29997
30096
30048
30003
30081
30157
30204
30264
30293
30326
30407
30392
30415
30434
30406
30499
30516
30538
30596
30643
30737
30713
30743
30711
30743
30809
30896
30884
30933
30902
30936
31006
31095
31051
31066
31025
31048
31048
31139
31190
31212
31234
31287
31238
31323
31286
31315
31384
31419
31396
31479
31449
31438
31464
31438
31390
31444
31408
31477
31447
31534
31599
31622
31602
31558
31644
31601
31592
31568
31655
31727
31751
31819
31829
31794
31822
31817
31866
31956
31908
31863
31932
31917
31972
31923
31969
32019
32042
32086
32048
32146
32241
32281
32298
32313
32352
32344
32428
32433
32427
32486
32494
32559
32596
32608
32671
32701
32667
32698
32714
32795
32783
32818
32787
32856
32934
32992
33079
33124
33078
33077
33104
33142
33194
33221
33305
33257
33350
33317
33416
33408
33421
33480
33550
33576
33675
33762
33740
33709
33678
33695
33713
33793
33818
33905
33905
33956
33945
33973
33969
33985
33948
33959
33998
33950
34001
34079
34062
34071
34093
34156
34241
34204
34168
34259
34252
34271
34363
34448
34518
34616
34641
34697
34764
34746
34753
34828
34781
34747
34756
34845
34817
34875
34889
34944
35019
34997
35008
35015
35018
35115
35160
35164
35120
35150
35117
35187
35201
35242
35320
35297
35391
35390
35438
35538
35508
35522
35481
35560
35527
35570
35580
35586
35668
35738
35729
35770
35788
35768
35762
35816
35842
35942
36025
35984
36001
36029
36041
36016
35997
36086
36140
36143
36134
36212
36241
36215
36305
36349
36300
36341
36410
36398
36483
36515
36517
36579
36578
36594
36616
36566
36626
36709
36677
36683
36679
36638
36602
36689
36694
36774
36738
36795
36845
36821
36805
36841
36869
36957
37054
37056
37155
37131
37214
37206
37297
37348
37308
37292
37286
37297
37286
37276
37309
37331
37336
37374
37402
37434
37470
37441
37400
37432
37522
37498
37558
37527
37520
37517
37596
37630
37644
37733
37786
37748
37711
37706
37734
37826
37843
37888
37904
37973
37980
38052
38043
38124
38161
38181
38234
38291
38302
38339
38394
38355
38346
38325
38288
38281
38308
38315
38269
38298
38356
38404
38412
38388
38449
38406
38464
38445
38513
38510
38471
38459
38415
38379
38436
38396
38427
38448
38401
38450
38512
38571
38663
38703
38775
38817
38867
38841
38930
38927
38962
38936
38901
38933
39030
39105
39156
39107
39186
39180
39222
39208
39303
39356
39414
39406
39408
39385
39400
39424
39462
39551
39530
39553
39653
39739
39803
39829
39913
39915
39983
39999
39972
40069
40048
40002
40010
40071
40087
40170
40185
40256
40216
40201
40301
40341
40425
40503
40463
40494
40487
40484
40458
40533
