75
47
123
218
297
357
347
333
299
291
253
250
264
262
333
404
380
378
366
355
342
375
336
286
325
391
444
493
580
534
491
517
608
631
630
672
720
671
646
648
727
748
820
920
903
920
899
999
1042
1027
1083
1174
1147
1246
1255
1339
1314
1305
1381
1478
1562
1629
1602
1651
1613
1694
1742
1701
1727
1734
1710
1799
1769
1725
1800
1876
1915
1972
2026
2031
2121
2140
2209
2185
2171
2173
2142
2242
2216
2274
2272
2331
2288
2387
2390
2386
2470
2445
2522
2483
2443
2451
2545
2540
2554
2615
2609
2671
2685
2729
2810
2883
2875
2928
2951
2997
3032
3080
3095
3128
3159
3162
3200
3174
3140
3105
3200
3180
3245
3202
3266
3303
3363
3442
3394
3438
3535
3498
3591
3668
3691
3787
3846
3932
3986
3940
3956
4008
4073
4099
4097
4194
4223
4177
4208
4260
4328
4346
4362
4326
4305
4363
4321
4334
4370
4458
4527
4501
4457
4434
4534
4496
4585
4627
4683
4679
4751
4828
4843
4831
4909
4961
5049
5044
4998
4959
4970
4979
5039
5012
4992
4989
5028
5058
5143
5152
5109
5073
5104
5063
5030
5073
5089
5044
5131
5165
5138
5156
5235
5273
5288
5245
5224
5286
5270
5333
5312
5309
5326
5394
5371
5382
5479
5568
5560
5539
5569
5621
5632
5633
5685
5648
5676
5669
5630
5665
5765
5790
5768
5861
5857
5881
5883
5848
5936
5943
6040
6039
6032
6038
6006
5995
6066
6065
6102
6137
6204
6166
6216
6242
6274
6373
6354
6426
6445
6510
6489
6552
6590
6663
6626
6580
6658
6662
6655
6709
6809
6797
6889
6861
6837
6888
6980
6967
7025
7038
7112
7190
7265
7250
7267
7228
7215
7273
7371
7371
7377
7361
7335
7337
7338
7310
7334
7344
7321
7355
7426
7499
7598
7613
7610
7694
7759
7750
7747
7824
7846
7877
7854
7932
7945
7937
7926
7998
8049
8081
8050
8114
8158
8254
8330
8419
8388
8361
8446
8467
8500
8457
8467
8531
8495
8532
8594
8612
8621
8579
8617
8633
8631
8686
8678
8739
8718
8740
8711
8777
8782
8828
8822
8823
8834
8931
8907
8997
9021
8985
9040
8994
9042
9133
9144
9150
9182
9281
9290
9250
9317
9368
9357
9367
9459
9482
9458
9449
9494
9575
9596
9607
9680
9672
9675
9744
9799
9851
9823
9881
9946
9911
9966
9950
10016
10056
10110
10163
10262
10310
10307
10395
10421
10398
10431
10394
10344
10334
10314
10358
10317
10296
10279
10312
10398
10467
10555
10638
10644
10741
10837
10789
10828
10903
10885
10854
10864
10854
10947
11010
11052
11112
11106
11134
11138
11145
11227
11317
11314
11324
11340
11326
11290
11380
11374
11468
11427
11427
11393
11390
11409
11439
11396
11404
11426
11422
11448
11491
11460
11529
11592
11595
11555
11586
11683
11702
11764
11819
11841
11833
11862
11944
11956
12008
12054
12121
12126
12144
12102
12114
12214
12226
12310
12398
12387
12372
12424
12378
12335
12390
12410
12447
12533
12627
12696
12703
12755
12781
12821
12846
12813
12854
12946
13015
13030
13126
13189
13214
13172
13227
13249
13288
13323
13279
13271
13348
13408
13368
13446
13479
13558
13579
13659
13678
13689
13666
13735
13722
13720
13709
13717
13763
13748
13753
13720
13757
13750
13816
13891
13926
13959
13960
14035
13993
13999
13960
14060
14150
14161
14138
14120
14123
14152
14142
14137
14098
14067
14060
14085
14064
14028
14031
14004
14007
14035
13996
14005
13984
13975
14033
14130
14124
14213
14291
14339
14368
14392
14469
14465
14560
14630
14663
14697
14746
14831
14841
14921
14983
14999
14970
15009
14966
15061
15026
15066
15126
15157
15112
15095
15159
15244
15205
15241
15334
15430
15492
15523
15584
15546
15548
15590
15650
15664
15614
15628
15632
15696
15773
15843
15939
16030
16120
16094
16124
16201
16182
16179
16256
16313
16397
16406
16363
16411
16508
16555
16592
16655
16617
16619
16633
16643
16612
16686
16701
16667
16697
16678
16699
16771
16769
16795
16836
16802
16892
16876
16838
16823
16820
16858
16852
16922
16983
17055
17031
17007
17070
17087
17044
17028
17107
17082
17124
17148
17170
17147
17109
17135
17190
17179
17230
17273
17307
17310
17395
17444
17442
17433
17424
17490
17590
17569
17520
17562
17549
17577
17672
17666
17651
17710
17796
17879
17917
17915
17921
17964
18005
18078
18160
18219
18221
18186
18177
18256
18224
18302
18297
18298
18309
18403
18489
18572
18538
18578
18579
18572
18671
18673
18763
18762
18770
18764
18857
18877
18842
18931
18951
18928
18987
19081
19129
19209
19230
19254
19229
19218
19244
19277
19301
19329
19294
19367
19352
19451
19444
19471
19544
19569
19620
19621
19616
19711
19791
19746
19769
19764
19862
19817
19823
19911
19872
19829
19821
19889
19930
20017
20043
20131
20207
20223
20255
20262
20362
20452
20501
20518
20555
20590
20577
20649
20609
20581
20572
20527
20578
20570
20662
20738
20817
20869
20856
20907
20963
20965
20924
20898
20928
20906
20893
20866
20931
20995
21045
21144
21149
21240
21209
21249
21220
21188
21161
21190
21216
21263
21290
21310
21262
21225
21257
21211
21244
21280
21369
21389
21412
21422
21385
21413
21407
21385
21336
21335
21366
21397
21396
21455
21445
21468
21459
21456
21459
21502
21543
21595
21652
21693
21793
21842
21939
22027
22046
22111
22198
22178
22212
22289
22252
22254
22239
22322
22326
22410
22408
22381
22333
22321
22306
22341
22411
22510
22460
22481
22474
22482
22468
22545
22617
22588
22636
22586
22556
22622
22606
22651
22716
22808
22821
22806
22821
22907
22980
22950
22963
22941
22984
22978
22986
23020
23041
23001
23029
23083
23134
23151
23207
23272
23287
23303
23369
23453
23474
23536
23495
23479
23565
23618
23635
23645
23713
23770
23735
23797
23803
23824
23877
23829
23901
23923
23993
24066
24121
24101
24146
24179
24267
24243
24279
24326
24391
24355
24414
24378
24394
24480
24536
24503
24522
24558
24549
24552
24575
24593
24642
24685
24772
24809
24765
24730
24723
24803
24807
24757
24789
24848
24898
24912
24946
24913
24977
24994
25093
25172
25161
25188
25141
25123
25078
25146
25225
25214
25244
25233
25274
25317
25412
25412
25420
25432
25498
25580
25629
25589
25637
25640
25671
25642
25618
25647
25691
25648
25718
25767
25837
25914
26007
26034
25997
26088
26114
26150
26242
26195
26180
26256
26252
26339
26408
26380
26456
26541
26551
26551
26517
26507
26472
26460
26451
26464
26469
26561
26546
26584
26677
26750
26823
26889
26855
26828
26830
26811
26774
26761
26801
26840
26863
26929
26896
26865
26867
26931
26956
26908
26876
26936
26888
26849
26929
26967
27055
27143
27155
27160
27222
27310
27261
27327
27338
27331
27283
27288
27338
27366
27378
27440
27442
27432
27524
27504
27508
27461
27455
27463
27437
27445
27496
27452
27419
27486
27561
27660
27733
27691
27777
27787
27880
27854
27816
27780
27786
27825
27896
27976
27946
27960
27969
28033
28087
28079
28044
28072
28069
28061
28120
28166
28248
28238
28316
28282
28318
28370
28416
28453
28403
28485
28532
28536
28553
28551
28532
28615
28677
28628
28607
28560
28537
28633
28722
28771
28840
28936
28925
28914
28959
28956
28920
28904
28917
28991
29064
29055
29026
28983
29043
29012
29085
29037
29087
29120
29141
29131
29204
29289
29252
29273
29229
29261
29302
29257
29273
29242
29254
29313
29400
29355
29356
29410
29468
29522
29541
29599
29631
29700
29664
29722
29677
29766
29769
29863
29935
29950
30044
30119
30153
30109
30073
30101
30121
30183
30233
30267
30264
30274
30277
30271
30343
30410
30410
30374
30412
30496
30466
30426
30514
30547
30572
30523
30602
30589
30655
30669
30729
30736
30815
30788
30786
30850
30887
30931
30994
30965
31042
31003
31027
31077
31046
31077
31066
31062
31073
31106
31157
31254
31230
31308
31263
31329
31302
31314
31338
31314
31271
31323
31303
31397
31463
31481
31562
31641
31671
31644
31671
31641
31594
31623
31620
31704
31800
31843
31906
31875
31834
31784
31746
31808
31781
31768
31722
31757
31732
31717
31774
31838
31861
31938
31916
31891
31946
32039
32051
32047
32145
32151
32140
32163
32202
32231
32267
32267
32352
32356
32363
32362
32439
32469
32549
32569
32621
32632
32731
32690
32668
32683
32768
32774
32833
32838
32898
32958
33033
33018
32981
33051
33083
33170
33262
33354
33330
33419
33454
33416
33452
33458
33438
33396
33351
33402
33476
33491
33507
33606
33638
33735
33726
33804
33774
33846
33872
33832
33875
33908
33952
34034
34089
34115
34141
34198
34253
34340
34406
34406
34448
34418
34502
34479
34439
34418
34473
34428
34505
34477
34469
34424
34523
34579
34633
34638
34620
34597
34578
34650
34728
34788
34857
34954
34923
34972
35027
35010
35104
35073
35104
35198
35263
35328
35298
35390
35397
35410
35391
35442
35505
35497
35461
35449
35479
35533
35595
35564
35572
35542
35574
35625
35710
35729
35679
35688
35708
35712
35791
35755
35808
35773
35748
35751
35843
35854
35832
35857
35880
