88
98
74
164
179
225
287
336
421
413
387
457
492
485
492
448
428
493
480
493
550
629
712
793
874
953
1038
1074
1169
1137
1169
1169
1127
1213
1278
1287
1355
1376
1349
1390
1439
1465
1520
1525
1559
1641
1731
1756
1789
1783
1847
1919
2009
2047
2066
2078
2084
2100
2094
2120
2102
2128
2102
2189
2165
2250
2287
2241
2253
2241
2255
2318
2308
2402
2422
2442
2460
2473
2512
2492
2516
2548
2505
2514
2524
2576
2590
2570
2589
2600
2592
2546
2588
2631
2603
2650
2648
2664
2713
2736
2696
2692
2693
2775
2793
2770
2833
2906
2992
3037
3044
3109
3063
3105
3141
3169
3256
3223
3190
3170
3193
3143
3117
3191
3236
3192
3156
3109
3071
3075
3150
3162
3129
3202
3273
3309
3345
3314
3410
3482
3566
3599
3557
3653
3700
3675
3705
3734
3741
3775
3818
3837
3857
3946
3981
4077
4091
4112
4208
4270
4232
4323
4343
4410
4441
4482
4541
4535
4556
4519
4579
4651
4742
4710
4808
4904
4993
5090
5107
5181
5280
5364
5361
5431
5498
5537
5628
5677
5695
5681
5635
5698
5719
5742
5770
5788
5855
5950
5920
5913
5990
5955
5975
6030
6086
6085
6160
6148
6105
6062
6155
6137
6097
6162
6228
6186
6273
6312
6330
6291
6256
6308
6392
6464
6429
6385
6431
6519
6540
6505
6524
6609
6697
6686
6680
6751
6828
6858
6954
6904
6995
7017
7001
7074
7055
7045
7060
7033
7117
7165
7261
7245
7203
7249
7335
7413
7498
7499
7556
7551
7547
7597
7691
7701
7684
7766
7806
7902
7859
7954
8001
7990
7998
8040
8055
8060
8020
7981
7983
8032
8003
8007
7997
7951
8022
7997
8060
8016
8038
8043
8033
8049
8013
8068
8038
8051
8129
8204
8230
8226
8248
8276
8233
8289
8375
8375
8381
8416
8452
8410
8507
8527
8482
8435
8406
8425
8458
8464
8461
8494
8578
8668
8720
8674
8724
8791
8767
8788
8808
8804
8809
8887
8859
8934
8915
8879
8977
9048
9135
9221
9219
9190
9236
9228
9290
9385
9423
9485
9569
9633
9659
9684
9775
9839
9830
9873
9895
9975
10014
10036
10076
10101
10096
10098
10194
10209
10302
10386
10359
10397
10400
10370
10432
10458
10528
10516
10586
10638
10645
10651
10706
10780
10842
10856
10936
11020
11072
11134
11098
11061
11030
11067
11082
11041
11004
11103
11101
11146
11224
11244
11199
11178
11264
11214
11234
11304
11308
11336
11422
11411
11431
11398
11355
11351
11316
11293
11295
11298
11346
11323
11282
11289
11368
11465
11494
11549
11552
11623
11690
11787
11875
11971
11983
12022
12120
12081
12175
12260
12308
12323
12374
12362
12345
12403
12470
12523
12570
12531
12519
12574
12660
12694
12757
12774
12832
12878
12858
12863
12953
12910
12903
12932
12938
12979
12982
12973
12939
12956
12959
13008
13075
13085
13162
13189
13252
13308
13391
13439
13396
13405
13439
13463
13558
13536
13509
13603
13701
13724
13809
13781
13826
13780
13767
13857
13862
13867
13891
13914
13998
14011
14034
13990
14009
13982
13980
13995
14092
14069
14112
14184
14223
14287
14272
14363
14381
14410
14456
14465
14450
14440
14537
14567
14659
14662
14705
14669
14679
14704
14741
14763
14823
14784
14782
14836
14859
14888
14856
14938
14963
15050
15095
15179
15234
15184
15250
15316
15376
15352
15417
15399
15495
15588
15579
15673
15768
15751
15817
15876
15872
15896
15896
15914
15981
16017
16094
16140
16217
16168
16187
16158
16234
16206
16181
16136
16197
16230
16225
16205
16237
16210
16192
16215
16213
16286
16293
16253
16271
16253
16347
16413
16377
16389
16377
16391
16428
16509
16546
16612
16625
16720
16803
16871
16878
16924
16950
17024
17006
16963
16923
17001
17005
17087
17173
17150
17242
17262
17362
17453
17431
17505
17559
17614
17638
17627
17609
17699
17777
17831
17903
17908
17879
17874
17847
17811
17905
17964
17996
18045
18015
18001
17956
17932
17940
17925
17900
17988
17979
17996
18023
18085
18176
18139
18106
18162
18162
18190
18193
18148
18204
18169
18248
18241
18301
18335
18406
18441
18410
18455
18524
18622
18634
18713
18695
18712
18706
18670
18770
18803
18805
18838
18876
18956
19023
18981
19048
19123
19163
19199
19266
19252
19207
19282
19252
19291
19352
19318
19359
19380
19476
19538
19551
19557
19621
19615
19603
19655
19712
19794
19849
19877
19844
19866
19905
19951
20008
19989
20070
20137
20223
20254
20336
20302
20325
20279
20337
20380
20390
20455
20441
20524
20600
20662
20642
20709
20724
20679
20643
20725
20750
20758
20799
20867
20892
20952
20906
20960
21040
21003
21042
21027
21019
20999
20974
20992
20952
20966
21029
21029
20993
21039
21099
21116
21167
21259
21252
21226
21181
21223
21259
21330
21313
21304
21261
21306
21385
21434
21493
21565
21579
21642
21603
21676
21679
21646
21707
21765
21766
21853
21862
21838
21852
21802
21872
21933
21994
22055
22039
22121
22103
22065
22053
22118
22086
22037
22102
22198
22187
22156
22171
22225
22282
22251
22331
22368
22455
22424
22422
22381
22452
22408
22475
22480
22519
22469
22537
22591
22670
22696
22674
22684
22717
22753
22752
22844
22919
22990
22995
23013
23093
23085
23171
23123
23190
23267
23286
23322
23343
23396
23491
23480
23556
23648
23698
23672
23636
23713
23752
23847
23837
23790
23768
23730
23828
23885
23963
24061
24100
24123
24082
24166
24181
24169
24163
24226
24213
24214
24189
24174
24267
24257
24316
24268
24238
24306
24318
24396
24490
24564
24538
24496
24478
24541
24614
24704
24780
24818
24794
24815
24909
24943
24910
24972
24929
24950
24925
24937
25012
25003
24990
24957
25026
25121
25178
25145
25140
25175
25228
25201
25280
25364
25358
25366
25429
25435
25507
25605
25570
25633
25688
25761
25807
25775
25862
25943
25901
25925
25935
25977
25992
26079
26056
26143
26214
26216
26194
26145
26235
26289
26383
26362
26334
26428
26490
26516
26474
26483
26519
26576
26600
26669
26662
26655
26658
26749
26723
26698
26705
26720
26820
26861
26815
26843
26844
26874
26882
26919
26932
26902
26945
26955
27038
27062
27017
26978
26991
26994
27067
27131
27091
27051
27084
27090
27072
27061
27070
27057
27061
27030
26987
26992
26952
27038
27046
27070
27084
27175
27204
27252
27308
27402
27445
27405
27489
27456
27419
27402
27420
27516
27548
27615
27659
27640
27620
27699
27762
27835
27878
27910
27896
27987
28046
28060
28121
28142
28110
28118
28125
28193
28155
28114
28192
28170
28185
28225
28191
28265
28303
28382
28422
28392
28452
28417
28385
28344
28438
28494
28530
28621
28601
28647
28607
28689
28757
28738
28774
28782
28751
28708
28719
28812
28786
28808
28906
28938
29010
29012
28989
29055
29146
29103
29094
29164
29257
29291
29380
29338
29410
29475
29510
29603
29678
29635
29664
29728
29742
29751
29757
29788
29820
29815
29908
29958
30047
30129
30183
30240
30219
30287
30276
30288
30333
30342
30421
30434
30525
30551
30546
30630
30721
30722
30769
30748
30701
30756
30746
30731
30821
30834
30812
30777
30729
30790
30787
30791
30832
30855
30854
30878
30883
30961
31008
31076
31037
31104
31098
31129
31099
31138
31194
31228
31292
31264
31243
31276
31314
31385
31448
31419
31445
31445
31466
31499
31559
31582
31676
31637
31659
31654
31625
31652
31702
31802
31858
31864
31923
31911
31944
31988
32044
32085
32108
32126
32101
32102
32198
32284
32236
32234
32258
32272
32291
32287
32272
32334
32339
32292
32283
32299
32330
32324
32287
32317
32275
32245
32304
32293
32297
32360
32316
32336
32300
32367
32445
32459
32454
32405
32455
32480
32483
32527
32548
32529
32590
32651
32734
32768
32837
32891
32859
