137
96
65
130
126
207
272
312
283
301
304
288
337
397
356
340
361
349
404
364
419
429
522
473
512
537
544
529
614
680
694
661
753
748
825
866
918
881
861
817
805
793
849
946
965
961
915
1009
1094
1173
1252
1320
1355
1412
1421
1391
1350
1406
1474
1494
1475
1529
1575
1580
1552
1614
1708
1806
1765
1801
1840
1881
1942
1958
1980
1982
2045
2031
2022
2077
2052
2060
2038
2098
2140
2130
2190
2183
2263
2231
2296
2299
2396
2477
2500
2499
2553
2590
2664
2752
2784
2859
2876
2905
2965
3037
3105
3115
3210
3246
3228
3236
3250
3270
3234
3290
3381
3393
3493
3493
3520
3506
3470
3495
3500
3548
3535
3598
3551
3534
3568
3586
3642
3599
3652
3636
3603
3660
3687
3645
3611
3584
3563
3584
3534
3536
3631
3714
3806
3827
3883
3860
3925
4022
4077
4086
4060
4116
4081
4101
4140
4151
4223
4299
4345
4403
4445
4465
4429
4458
4484
4463
4514
4492
4575
4644
4707
4775
4763
4845
4925
4960
4916
4990
5022
5105
5074
5116
5069
5167
5150
5226
5272
5293
5266
5234
5226
5302
5322
5373
5459
5509
5515
5581
5621
5588
5597
5610
5626
5695
5645
5673
5702
5666
5712
5747
5835
5816
5787
5887
5927
5941
5961
5969
5932
5981
6007
6017
5989
6010
6034
6036
6093
6131
6103
6132
6232
6219
6187
6287
6321
6362
6349
6321
6349
6398
6440
6426
6525
6590
6672
6681
6656
6614
6642
6603
6601
6575
6663
6761
6832
6799
6756
6752
6800
6803
6818
6899
6973
7029
7063
7113
7101
7128
7162
7243
7217
7265
7231
7326
7379
7388
7443
7427
7527
7600
7625
7588
7578
7663
7727
7819
7770
7868
7896
7905
7887
7896
7969
8026
8037
7987
7988
8014
8036
8115
8158
8196
8222
8306
8292
8343
8310
8368
8402
8359
8396
8411
8378
8435
8391
8414
8397
8489
8446
8498
8529
8521
8590
8570
8563
8633
8714
8788
8763
8757
8837
8830
8863
8836
8927
8944
9028
9062
9040
9139
9223
9305
9320
9349
9442
9412
9363
9463
9414
9476
9478
9553
9557
9626
9720
9759
9710
9693
9651
9742
9818
9846
9928
10011
10103
10134
10149
10135
10178
10269
10276
10360
10430
10449
10425
10396
10375
10375
10397
10433
10532
10599
10604
10703
10781
10843
10905
10982
11001
10999
11027
11096
11121
11167
11235
11238
11219
11310
11290
11249
11206
11228
11279
11309
11380
11404
11445
11498
11480
11448
11470
11569
11525
11549
11636
11651
11628
11620
11707
11682
11708
11688
11677
11672
11708
11736
11836
11891
11866
11884
11974
11983
12039
12114
12110
12154
12223
12183
12142
12179
12164
12260
12217
12301
12314
12369
12419
12382
12415
12378
12476
12444
12515
12503
12454
12433
12398
12438
12432
12409
12424
12411
12434
12467
12500
12594
12685
12730
12694
12719
12806
12796
12894
12870
12887
12910
12949
12965
12921
13001
13007
13107
13095
13079
13080
13119
13202
13200
13207
13158
13225
13322
13331
13389
13479
13565
13518
13498
13450
13422
13510
13581
13598
13672
13758
13810
13765
13860
13936
13909
13896
13903
13883
13855
13905
13943
14035
14104
14058
14036
14080
14079
14083
14138
14157
14184
14215
14265
14279
14240
14307
14399
14359
14357
14382
14471
14424
14447
14437
14513
14472
14485
14437
14513
14588
14558
14553
14553
14619
14631
14669
14730
14806
14906
14897
14969
14977
14995
15068
15142
15204
15199
15294
15281
15360
15400
15438
15477
15507
15477
15485
15484
15534
15559
15586
15599
15597
15564
15586
15557
15582
15645
15639
15608
15667
15705
15712
15778
15860
15849
15891
15923
15989
16047
16049
16094
16114
16177
16177
16150
16167
16128
16148
16183
16185
16223
16253
16297
16367
16354
16304
16401
16464
16550
16543
16541
16561
16540
16593
16563
16630
16600
16645
16693
16793
16815
16839
16925
16905
16998
16998
17011
17003
16990
16994
16962
16935
16906
16969
17015
17046
17018
16994
17012
17103
17061
17035
16989
17006
17017
17058
17074
17120
17210
17169
17124
17131
17139
17175
17208
17208
17174
17213
17247
17343
17368
17395
17411
17506
17575
17627
17643
17614
17708
17682
17712
17696
17689
17755
17757
17753
17807
17795
17756
17720
17720
17714
17737
17790
17785
17766
17844
17841
17923
17873
17924
17944
17922
18016
17990
18047
18043
18077
18124
18184
18144
18168
18259
18334
18396
18388
18363
18416
18511
18488
18438
18478
18515
18471
18569
18537
18552
18616
18677
18652
18737
18751
18780
18852
18836
18866
18832
18790
18830
18874
18899
18978
19046
19138
19093
19109
19112
19177
19153
19219
19238
19334
19422
19426
19412
19383
19413
19373
19470
19543
19630
19724
19733
19822
19856
19915
19995
20054
20067
20159
20209
20249
20309
20384
20346
20436
20437
20396
20479
20517
20578
20637
20724
20704
20671
20731
20729
20713
20768
20803
20768
20754
20753
20790
20753
20845
20918
20968
21068
21049
21013
21045
21042
21037
21073
21165
21132
21150
21114
21102
21130
21208
21304
21354
21317
21287
21366
21346
21441
21448
21418
21516
21574
21660
21673
21761
21728
21793
21794
21765
21755
21726
21784
21845
21854
21925
21909
21993
22032
22119
22143
22107
22188
22239
22289
22345
22344
22373
22344
22416
22478
22509
22555
22521
22522
22621
22594
22582
22550
22610
22650
22673
22695
22714
22717
22748
22783
22861
22874
22908
22928
22968
23041
23005
22969
22938
22937
22893
22947
22897
22872
22843
22903
22897
22861
22901
22929
23018
23037
23085
23141
23177
23200
23256
23240
23283
23283
23280
23343
23381
23436
23530
23541
23502
23492
23455
23491
23467
23420
23436
23460
23479
23499
23596
23669
23741
23833
23927
23960
23975
23969
24022
24024
24069
24088
24103
24151
24174
24273
24264
24243
24278
24264
24357
24319
24350
24318
24306
24341
24435
24460
24508
24476
24463
24444
24542
24619
24689
24694
24715
24760
24813
24906
24909
24961
24942
24909
24930
24909
24942
24953
24907
24925
25022
25107
25078
25128
25195
25193
25204
25237
25224
25182
25274
25267
25256
25245
25280
25365
25357
25441
25404
25481
25579
25566
25590
25628
25671
25744
25810
25874
25895
25950
25968
25967
26012
25962
25988
26016
26022
26023
25978
26023
26086
26100
26134
26158
26169
26211
26304
26341
26372
26426
26487
26528
26537
26582
26670
26745
26715
26766
26835
26916
26980
27047
27049
27051
27019
27023
27100
27051
27049
27114
27116
27138
27109
27161
27167
27143
27243
27289
27291
27376
27376
27332
27349
27427
27459
27504
27510
27594
27570
27533
27563
27540
27503
27535
27520
27526
27621
27583
27544
27614
27714
27705
27738
27800
27788
27854
27886
27899
27894
27850
27912
27884
27948
27922
27971
27924
27949
27975
28058
28078
28051
28055
28092
28067
28146
28139
28116
28187
28258
28290
28306
28262
28306
28312
28367
28342
28394
28398
28485
28452
28430
28465
28497
28492
28480
28573
28610
28707
28660
28652
28650
28686
28642
28642
28627
28586
28540
28525
28533
28565
28616
28624
28641
28720
28679
28635
28607
28612
28582
28556
28642
28659
28642
28598
28549
28512
28599
28587
28633
28597
28553
28645
28636
28603
28576
28625
28620
28612
28585
28630
28653
28604
28684
28750
28849
28904
28919
28891
28899
28994
29015
29105
29122
29085
29039
29058
29110
29145
29202
29205
29228
29325
29368
29436
29500
29557
29583
29558
29542
29617
29577
29663
29652
29717
29816
29781
29769
29829
29829
29799
29788
29837
29806
29847
29808
29788
29872
29967
29969
29966
29994
30067
30065
30081
30173
30266
30358
30457
30549
30550
30606
30666
30734
30738
30688
30726
30825
30828
30815
30880
30881
30848
30821
30802
30818
30874
30828
30927
30989
30973
31044
31058
31094
31158
31200
31298
31262
31305
31255
31311
31271
31296
31283
31254
31237
31294
31328
31389
31346
31388
31418
31389
31454
31471
31526
31592
31581
31542
31541
31552
31529
31596
31681
31670
31711
31770
31722
31721
31785
31849
31884
31977
31958
31913
31951
31973
32000
31959
31985
31978
31991
31984
31947
31936
31946
32046
32113
32067
32145
32236
32244
32274
32285
32263
32325
32323
32421
32475
32550
32588
32612
32625
32669
32727
32722
32687
32721
32699
32769
32869
32871
32871
32858
32941
32933
33018
33082
33088
33171
33128
33216
33289
33307
33339
33423
33429
33406
33399
33448
33476
33550
33520
33609
33695
33656
33635
33622
33707
33786
33753
33737
33774
33826
33857
33815
33822
33798
33799
33832
33828
33837
33922
33956
33934
34005
34040
33990
33944
34004
34076
34152
34188
34285
34383
34412
34397
34348
34356
34377
34443
34457
34495
34489
34484
34559
34541
34582
34638
34684
34727
34807
34823
34853
34810
34910
34885
34915
34904
34997
34949
