143
120
79
67
17
2
29
-17
17
24
10
51
43
117
166
228
324
338
435
405
422
479
462
522
489
534
526
484
557
507
481
546
526
492
549
532
550
510
483
495
468
555
556
581
589
550
565
543
635
720
773
806
827
820
888
918
996
967
928
991
957
990
1087
1052
1132
1115
1136
1124
1104
1195
1156
1196
1285
1335
1335
1325
1377
1408
1506
1457
1543
1560
1589
1618
1663
1731
1734
1690
1669
1712
1704
1786
1774
1806
1834
1904
1961
1988
2059
2094
2181
2207
2222
2294
2318
2321
2382
2453
2408
2508
2582
2576
2556
2612
2627
2578
2580
2589
2649
2638
2651
2694
2776
2870
2918
2954
2962
2953
3049
3023
3033
3058
3073
3145
3144
3148
3111
3198
3149
3137
3139
3198
3197
3256
3227
3218
3265
3329
3325
3417
3466
3521
3599
3606
3681
3695
3765
3784
3816
3850
3821
3874
3849
3849
3844
3881
3949
4003
4051
4127
4179
4218
4181
4260
4287
4351
4326
4364
4320
4318
4410
4468
4511
4540
4531
4625
4688
4777
4843
4901
4934
4922
5017
5042
5081
5143
5170
5268
5242
5237
5266
5280
5358
5321
5392
5390
5358
5435
5440
5489
5485
5574
5537
5592
5654
5742
5828
5865
5902
5920
5913
5912
5973
5953
5988
6044
6010
6024
6102
6194
6206
6178
6271
6222
6270
6220
6273
6352
6331
6321
6306
6378
6418
6383
6338
6389
6379
6358
6342
6400
6413
6437
6428
6483
6506
6526
6506
6456
6445
6437
6439
6484
6475
6507
6559
6525
6581
6564
6542
6560
6520
6613
6679
6648
6700
6716
6762
6848
6912
7002
7087
7038
7083
7160
7129
7139
7158
7144
7216
7210
7282
7262
7278
7307
7397
7455
7441
7480
7568
7529
7625
7587
7547
7642
7738
7834
7799
7822
7876
7965
8062
8158
8163
8247
8272
8222
8259
8358
8335
8345
8355
8363
8377
8381
8360
8427
8461
8468
8511
8591
8580
8603
8700
8689
8740
8711
8680
8702
8787
8833
8836
8850
8824
8802
8821
8789
8806
8813
8864
8868
8844
8872
8949
9038
9133
9131
9136
9230
9279
9361
9434
9468
9512
9539
9630
9658
9718
9678
9728
9778
9806
9827
9856
9919
9927
9948
10043
10003
9962
10035
10112
10170
10260
10351
10365
10417
10402
10407
10439
10488
10548
10647
10655
10749
10771
10734
10687
10773
10755
10751
10810
10833
10858
10930
10931
10946
10954
10910
10878
10926
11014
11012
11058
11143
11137
11209
11300
11251
11230
11184
11219
11188
11171
11210
11170
11232
11332
11316
11350
11309
11274
11274
11273
11346
11395
11393
11357
11385
11340
11299
11354
11372
11443
11516
11557
11631
11702
11709
11744
11767
11767
11780
11768
11815
11892
11913
11998
11994
11948
11918
11935
11890
11981
11933
11883
11940
11971
12059
12135
12174
12154
12233
12306
12394
12397
12378
12445
12400
12414
12374
12420
12410
12473
12490
12566
12588
12637
12667
12629
12654
12680
12754
12768
12854
12928
13006
12997
13080
13049
13010
13004
13056
13116
13177
13132
13154
13236
13300
13280
13279
13322
13383
13455
13461
13418
13425
13500
13503
13491
13567
13533
13586
13614
13617
13676
13634
13665
13727
13679
13667
13659
13656
13737
13698
13780
13805
13805
13812
13793
13835
13852
13867
13826
13843
13922
14013
14087
14083
14147
14121
14111
14170
14250
14211
14278
14277
14227
14245
14226
14231
14193
14204
14235
14273
14235
14221
14192
14163
14215
14209
14167
14195
14197
14278
14253
14254
14237
14311
14264
14227
14252
14223
14308
14361
14451
14418
14410
14375
14421
14473
14430
14479
14485
14458
14466
14486
14479
14465
14433
14387
14358
14418
14475
14467
14480
14540
14608
14587
14586
14560
14586
14570
14531
14629
14651
14707
14733
14683
14639
14699
14786
14871
14829
14865
14880
14932
14889
14840
14795
14874
14860
14919
14989
14981
15049
15103
15172
15238
15255
15338
15398
15397
15457
15454
15547
15600
15683
15658
15714
15769
15812
15838
15914
15894
15940
15950
16011
16078
16089
16158
16172
16208
16217
16290
16346
16387
16454
16420
16418
16455
16423
16508
16476
16518
16479
16489
16579
16601
16660
16716
16744
16820
16877
16856
16827
16873
16860
16822
16789
16820
16883
16966
17009
16972
16940
16982
17007
17096
17056
17017
17088
17188
17210
17224
17254
17270
17222
17299
17308
17388
17389
17402
17475
17462
17522
17610
17695
17697
17658
17641
17610
17653
17659
17664
17714
17724
17696
17720
17719
17699
17703
17791
17883
17909
17973
17990
18036
18068
18041
18001
18042
18135
18156
18190
18238
18195
18270
18247
18307
18263
18283
18320
18391
18409
18370
18360
18373
18355
18352
18444
18426
18377
18392
18481
18438
18454
18464
18448
18441
18394
18434
18445
18468
18504
18577
18561
18607
18565
18610
18560
18637
18665
18674
18684
18782
18737
18780
18763
18740
18718
18728
18704
18768
18783
18766
18844
18863
18957
18937
18908
18930
19025
19017
19051
19013
19028
19117
19106
19099
19135
19125
19087
19146
19188
19154
19234
19252
19307
19298
19365
19338
19314
19317
19411
19452
19422
19467
19419
19439
19452
19495
19452
19455
19517
19487
19498
19501
19510
19491
19560
19640
19649
19617
19632
19666
19703
19670
19769
19831
19908
19920
19997
20026
20037
20130
20124
20206
20281
20313
20334
20305
20386
20445
20449
20546
20510
20534
20583
20555
20573
20579
20571
20650
20744
20707
20664
20753
20810
20764
20809
20797
20868
20822
20773
20790
20831
20914
20865
20947
20984
21055
21072
21135
21144
21217
21204
21228
21299
21352
21410
21444
21529
21530
21605
21672
21683
21699
21672
21689
21694
21766
21769
21820
21770
21722
21806
21884
21960
21915
21999
22006
22100
22150
22230
22243
22247
22317
22390
22382
22346
22387
22342
22426
22514
22558
22616
22711
22770
22831
22909
23005
23034
23057
23083
23110
23093
23137
23154
23162
23260
23319
23305
23321
23348
23359
23403
23499
23526
23599
23584
23559
23604
23676
23761
23803
23875
23931
23957
24043
24071
24066
24040
24050
24058
24019
24062
24068
24134
24164
24186
24154
24236
24293
24273
24315
24368
24363
24361
24397
24447
24475
24546
24603
24560
24549
24535
24614
24653
24728
24729
24810
24861
24954
25019
25081
25176
25163
25156
25163
25113
25171
25238
25323
25364
25411
25440
25488
25526
25619
25709
25669
25701
25713
25786
25742
25719
25712
25789
25773
25749
25781
25842
25838
25881
25895
25934
25999
26064
26122
26125
26222
26271
26222
26248
26339
26405
26388
26438
26505
26470
26487
26570
26564
26640
26672
26736
26833
26857
26871
26837
26828
26827
26797
26797
26888
26944
26984
27020
27017
27050
27109
27185
27196
27167
27217
27297
27376
27450
27479
27492
27506
27463
27419
27497
27503
27471
27469
27427
27418
27416
27396
27413
27382
27444
27511
27567
27596
27593
27561
27537
27600
27591
27625
27583
27610
27652
27642
27715
27695
27663
27628
27639
27664
27763
27748
27792
27807
27811
27812
27815
27899
27907
27861
27949
28000
28004
28104
28110
28171
28262
28280
28373
28462
28472
28558
28589
28577
28626
28710
28769
28767
28809
28794
28775
28783
28850
28927
28919
28976
28962
28956
29026
29074
29135
29139
29174
29132
29127
29215
29257
29222
29302
29265
29278
29235
29218
29191
29169
29173
29171
29179
29145
29156
29106
29176
29193
29240
29321
29402
29473
29457
29505
29551
29555
29646
29600
29656
29619
29609
29652
29732
29726
29813
29827
29863
29961
29986
30085
30134
30105
30195
30247
30307
30400
30424
30382
30375
30390
30476
30565
30552
30584
30600
30574
30547
30500
30562
30655
30703
30680
30644
30699
30747
30740
30822
30834
30824
30850
30876
30865
30878
30921
31013
31014
31000
30976
31017
31081
31033
31026
30979
30973
31033
31035
31109
31161
31118
31121
31186
31207
31259
31231
31255
31296
31311
31403
31467
31449
31545
31564
31542
31576
31608
31576
31591
31578
31594
31658
31717
31786
31784
31794
31840
31834
31907
31948
31998
32023
32112
32092
32095
32085
32060
32110
32084
32082
32170
32192
32184
32144
32094
32159
32154
32143
32212
32306
32376
32336
32334
32310
32319
32377
32330
32408
32503
32511
32580
32579
32533
32563
32601
32585
32535
32581
32667
32738
32720
32731
32686
32683
32719
32671
32758
32760
32741
32732
32826
32803
32861
32930
32941
32898
32956
33012
33095
33051
33148
33222
33235
33275
33264
33284
33340
33410
33379
33451
33448
33473
33426
33508
33590
33591
33610
33639
33667
33637
33677
33703
33659
33756
33795
33807
33862
33875
33848
33901
33954
33931
33952
34014
34089
34162
34169
34184
34156
34176
34200
34152
34139
34094
34122
34202
34167
34145
34138
34178
34259
34357
34341
34415
34390
34436
34498
34459
34507
34596
34659
34644
34637
34605
34608
34676
34775
34772
34855
34918
34971
34940
34992
34942
35022
35076
35091
35107
35128
35102
35070
35136
35171
35269
35257
35267
35314
35349
35323
35305
35383
35350
35390
35486
35472
35462
35414
35389
35431
35412
35477
35468
35535
35568
35629
35600
35586
35549
35535
35499
35571
35533
35603
35576
35627
35703
35705
35744
35702
35782
35787
35870
35845
35885
35835
35812
35903
35950
35925
35931
35941
35941
35952
35965
36061
36087
36164
36249
36338
36319
36401
36423
36523
36586
36575
36572
36556
36510
36461
36533
36505
36458
36548
36635
36662
36615
36615
36611
36637
36598
36570
36635
36710
36762
36850
36916
37006
37075
37053
37145
37136
37183
37192
37164
37247
37316
37344
37342
37417
37455
37440
37496
37488
37462
37412
37512
37574
37674
37720
