125
219
209
160
247
239
240
303
384
417
367
459
423
498
540
558
585
591
560
629
678
707
746
789
813
889
914
912
914
887
898
913
975
960
925
1011
1039
993
1064
1041
1014
1014
1018
1100
1150
1161
1246
1270
1308
1284
1260
1355
1424
1524
1559
1620
1623
1694
1653
1741
1820
1821
1828
1843
1850
1849
1821
1808
1797
1812
1909
1867
1829
1790
1742
1789
1867
1886
1940
1963
1950
2038
2064
2030
2126
2138
2206
2250
2228
2193
2266
2313
2345
2441
2413
2444
2530
2580
2621
2675
2760
2849
2921
3003
3085
3112
3124
3130
3140
3225
3203
3170
3120
3149
3219
3301
3338
3332
3421
3513
3568
3573
3614
3646
3661
3618
3632
3643
3653
3624
3649
3712
3757
3798
3892
3910
3881
3847
3870
3824
3892
3938
3996
4081
4120
4089
4109
4202
4160
4194
4273
4254
4345
4440
4452
4516
4589
4607
4611
4596
4567
4611
4597
4644
4635
4614
4641
4645
4599
4585
4632
4687
4718
4697
4767
4749
4847
4817
4881
4846
4903
4964
5057
5134
5112
5120
5207
5231
5295
5307
5283
5287
5317
5364
5374
5438
5425
5415
5389
5402
5462
5458
5426
5401
5473
5467
5420
5439
5405
5399
5476
5448
5513
5472
5567
5597
5651
5616
5683
5660
5667
5709
5764
5812
5910
5894
5858
5854
5834
5872
5950
6040
6108
6081
6038
6003
6009
6038
6021
6082
6087
6162
6172
6213
6311
6273
6260
6306
6269
6285
6344
6312
6397
6441
6520
6519
6576
6582
6643
6614
6686
6644
6652
6609
6683
6654
6605
6680
6657
6685
6648
6607
6625
6708
6678
6740
6793
6757
6789
6832
6930
6982
6966
7009
6975
7054
7042
7125
7120
7133
7103
7145
7123
7136
7221
7202
7238
7225
7208
7191
7240
7291
7335
7294
7307
7303
7289
7327
7369
7380
7433
7524
7620
7698
7739
7784
7817
7896
7972
7946
7970
7929
7947
7975
7961
8020
8061
8028
8012
8013
8083
8069
8110
8183
8241
8321
8298
8269
8223
8307
8264
8351
8340
8318
8383
8410
8466
8493
8537
8634
8688
8675
8704
8681
8692
8664
8746
8757
8800
8829
8912
8911
8891
8882
8865
8869
8951
8969
9025
9017
9075
9090
9165
9146
9139
9174
9149
9230
9268
9275
9299
9285
9240
9232
9215
9309
9280
9257
9218
9241
9329
9392
9409
9485
9525
9596
9670
9652
9615
9698
9776
9867
9907
9892
9954
9948
10017
10080
10048
10007
10051
10028
10039
10074
10042
10068
10036
10001
10030
10015
9983
10031
9990
9972
10027
10023
10085
10076
10071
10168
10168
10196
10249
10319
10396
10466
10419
10384
10436
10411
10421
10485
10540
10607
10707
10717
10720
10732
10747
10826
10859
10814
10847
10805
10854
10878
10865
10840
10790
10823
10888
10897
10930
10962
10950
10930
10986
10967
10989
10999
11028
11051
11057
11101
11114
11191
11185
11156
11160
11152
11198
11289
11242
11200
11159
11230
11238
11291
11297
11385
11400
11378
11337
11339
11406
11371
11405
11435
11454
11465
11523
11490
11542
11587
11539
11517
11567
11639
11668
11711
11750
11788
11817
11783
11750
11816
11809
11814
11825
11782
11783
11830
11793
11743
11836
11863
11835
11832
11853
11834
11874
11958
11966
11927
11951
12028
11979
12053
12139
12218
12308
12295
12343
12326
12338
12288
12386
12358
12344
12309
12310
12300
12322
12330
12395
12441
12481
12440
12521
12614
12564
12654
12677
12756
12838
12806
12890
12988
13061
13092
13070
13103
13135
13207
13160
13219
13265
13278
13326
13282
13348
13385
13384
13415
13489
13564
13580
13650
13610
13575
13610
13654
13688
13723
13796
13847
13891
13888
13906
13930
13963
14056
14102
14177
14167
14218
14315
14372
14390
14364
14344
14394
14452
14438
14497
14485
14468
14547
14541
14496
14482
14479
14509
14475
14537
14590
14561
14582
14611
14623
14632
14702
14781
14867
14827
14861
14857
14956
14974
15032
15128
15148
15106
15106
15199
15179
15163
15215
15214
15183
15267
15351
15307
15404
15463
15499
15491
15451
15517
15566
15641
15710
15768
15808
15866
15884
15873
15827
15899
15909
15989
15966
15943
16017
15999
16056
16154
16250
16285
16352
16446
16418
16438
16419
16512
16538
16591
16652
16633
16584
16597
16556
16559
16616
16710
16761
16806
16818
16861
16875
16910
16965
17031
17058
17028
17014
17063
17026
17100
17169
17129
17159
17134
17123
17166
17135
17119
17122
17120
17131
17084
17156
17159
17202
17181
17246
17318
17355
17341
17310
17387
17439
17532
17546
17628
17710
17778
17801
17790
17805
17831
17850
17835
17912
17991
17984
17983
17936
17926
17942
18010
18052
18023
18061
18153
18122
18202
18248
18324
18334
18408
18418
18470
18522
18496
18518
18592
18659
18614
18688
18699
18733
18734
18822
18795
18796
18811
18866
18829
18928
18924
18952
19028
18996
19059
19022
19021
19106
19192
19217
19315
19320
19361
19441
19506
19502
19574
19556
19638
19651
19610
19653
19617
19698
19695
19719
19754
19715
19794
19852
19879
19959
19957
19973
19967
19949
19991
20024
20092
20147
20125
20078
20076
20074
20073
20033
20051
20055
20028
19986
20083
20080
20055
20067
20047
20068
20078
20124
20077
20129
20205
20274
20277
20296
20392
20468
20530
20575
20642
20677
20681
20769
20743
20743
20837
20829
20873
20918
20873
20860
20875
20825
20828
20886
20945
20949
20923
20979
20966
21009
20991
20975
21047
21129
21104
21110
21200
21154
21206
21301
21266
21354
21390
21482
21533
21498
21591
21605
21678
21716
21670
21737
21769
21811
21767
21756
21827
21835
21792
21777
21764
21746
21814
21904
21903
21997
21978
22030
22051
22094
22189
22243
22319
22410
22473
22448
22450
22547
22501
22458
22532
22616
22685
22664
22709
22729
22766
22738
22697
22740
22783
22881
22931
22881
22929
22895
22892
22858
22848
22836
22904
22903
22902
22877
22971
23054
23094
23173
23232
23232
23248
23198
23249
23240
23227
23292
23319
23350
23395
23441
23535
23517
23563
23590
23590
23596
23615
23649
23711
23704
23770
23842
23862
23816
23784
23787
23754
23744
23765
23794
23886
23887
23871
23855
23934
23904
23905
23950
23926
23961
24028
24097
24172
24265
24260
24220
24186
24242
24290
24282
24255
24314
24374
24433
24397
24407
24505
24490
24476
24480
24477
24521
24503
24541
24520
24514
24474
24572
24661
24613
24665
24647
24624
24632
24595
24665
24705
24789
24766
24838
24868
24840
24914
24870
24843
24874
24893
24844
24901
24872
24891
24842
24939
25013
25051
25040
25119
25127
25225
25198
25219
25211
25201
25277
25362
25382
25413
25411
25386
25384
25476
25430
25432
25455
25506
25549
25605
25672
25761
25715
25722
25697
25668
25750
25761
25738
25691
25737
25775
25815
25803
25898
25923
25960
25920
25941
25904
25931
26002
26084
26076
26045
26100
26159
26160
26214
26280
26283
26381
26430
26526
26596
26569
26571
26578
26554
26536
26515
26516
26577
26614
26668
26726
26762
26819
26782
26789
26804
26757
26760
26783
26736
26760
26788
26821
26830
26827
26915
27003
27062
27021
27054
27020
27066
27091
27095
27108
27180
27270
27284
27304
27314
27337
27415
27468
27508
27502
27494
27549
27518
27585
27638
27599
27624
27710
27718
27736
27740
27696
27703
27692
27666
27641
27660
27655
27734
27725
27807
27891
27855
27870
27942
28023
27977
27977
28002
27976
28018
28031
28111
28173
28226
28261
28310
28361
28403
28429
28496
28567
28524
28593
28553
28648
28651
28688
28670
28709
28718
28698
28733
28694
28712
28760
28715
28797
28840
28866
28892
28856
28871
28829
28854
28928
28949
28956
28908
29001
28956
29011
29045
29015
28977
29007
28985
28963
28947
29005
29053
29021
29066
29117
29205
29159
29195
29148
29228
29214
29207
29165
29124
29171
29138
29153
29207
29158
29250
29281
29256
29219
29276
29254
29212
29272
29257
29335
29385
29479
29447
29508
29608
29608
29654
29751
29711
29804
29870
29905
29876
29972
30060
30073
30030
30052
30091
30050
30102
30097
30112
30166
30150
30113
30203
30186
30181
30203
30296
30369
30417
30431
30395
30423
30456
30524
30507
30532
30528
30613
30682
30775
30871
30923
30911
30904
30937
30928
30947
31032
31009
31075
31120
31106
31132
31171
31271
31239
31242
31331
31342
31399
31387
31407
31491
31504
31458
31462
31430
31507
31483
31447
31402
31489
31567
31583
31569
31618
31649
31666
31659
31753
31766
31729
31728
31700
31717
31786
31872
31922
32021
32088
32101
32085
32075
32107
32175
32153
32234
32214
32204
32208
32257
32349
32352
32355
32416
32512
32519
32594
32552
32565
32597
32549
32501
32590
32675
32733
32718
32740
32696
32690
32694
32767
32837
32895
32979
32956
32950
32920
32904
32968
33013
33034
33091
33045
33083
33171
33242
33269
33367
33324
33275
33287
33243
33330
33342
33376
33367
33438
33515
33570
33566
33525
33621
33681
33724
33735
33733
33788
33821
33837
33787
33868
33879
33863
33953
34039
34013
34093
34185
34204
34295
34336
34314
34411
34393
34396
34372
34323
34274
34319
34322
34335
34300
34262
34284
34301
34345
34319
34273
34329
34394
34360
34400
34423
34458
34525
34527
34601
34629
34682
34768
34742
34736
34773
34728
34765
34790
34844
34944
34929
34990
35042
35117
35135
35179
35137
35199
35284
35365
35378
35331
35366
35361
35357
35386
35434
35440
35452
35411
35491
35589
35668
35635
35700
35751
35702
35774
35753
35831
35877
35928
35899
35852
35892
35861
35835
35867
35820
35859
35886
35901
35941
35981
36038
36058
36024
36051
36095
36058
36052
36104
36115
36125
36176
36187
36204
36236
36231
36252
36300
36366
36324
36310
36342
36377
36439
36492
36518
36520
36532
36564
36591
36553
36640
36699
36758
36811
36856
36882
36834
36796
36855
36824
36917
36931
36969
36974
36958
37014
37107
37098
37188
37196
37278
37251
37227
37246
37321
37387
37410
37376
37476
37435
37435
37489
37570
37541
37511
37568
37577
37647
37696
37718
37792
37790
37783
37743
37737
37786
37876
37862
37961
38013
38108
38124
38195
38182
38161
38143
38152
38166
38244
38213
38264
38295
38279
38250
38338
38339
38322
38346
38361
38444
38424
38479
38435
38424
38376
38455
38542
38550
38557
38622
38592
38572
38658
38621
38646
38680
38699
38764
38864
38850
38802
38825
38803
38886
38953
39053
39104
39153
39146
39170
39203
39291
39249
39297
39391
39444
39474
39440
39421
39444
39426
39503
39500
39480
39431
39522
39590
39677
39678
39727
39738
39770
39862
39856
39871
39909
39897
39902
39991
40036
40023
40036
40130
40099
40060
40126
40079
40162
40169
40256
40349
40425
40506
40535
40622
40707
40701
40742
40809
40858
40846
40868
40859
40817
40893
40931
40945
40942
40981
40946
40999
41036
40986
41004
41051
41142
41100
41118
41208
41305
41385
41353
41430
41413
41441
41519
41485
41541
41601
41562
41523
41540
41527
41565
41599
41589
41622
41620
41634
41734
41779
41815
41780
41736
41777
41784
41829
41865
41862
41959
41944
41955
42038
42000
42085
42072
42043
42047
42028
42049
42139
42210
42200
42295
42369
42437
42475
42557
42618
42681
42664
42686
42721
42798
42750
42814
42877
42956
43000
42975
42934
42900
42935
42953
42966
43035
43005
43038
43114
43207
43214
43275
43372
43465
43515
43611
43701
43756
43774
43846
43814
43768
43750
43722
43736
43788
43856
43890
43857
43856
43826
43804
43783
43762
43849
43910
43879
43841
43829
43875
43835
43820
43899
43992
44080
44057
44025
44034
44117
44142
44099
44061
44095
44179
44143
44142
44177
44190
44160
44214
44310
44270
44248
44305
44321
44416
44479
44505
44565
44610
44634
44666
44722
44749
44717
44748
44822
44900
44878
44875
44886
44882
44945
44982
45032
45119
45111
45077
45039
45100
45081
45163
45223
45261
45280
45349
45386
45392
45479
45536
45559
45595
45620
45650
45637
45707
45714
45749
45703
45731
45722
45720
45771
45757
45726
45794
45762
45808
45881
45933
46009
46107
46133
46168
46242
46272
46304
46255
46326
46422
46518
46522
46585
46683
46755
46750
46818
46771
46816
46906
46975
46980
47070
47050
47022
47020
47038
47043
47091
47102
47128
47186
47255
47208
47253
47307
47394
47361
47402
47436
47389
47344
47326
47411
47422
47378
47379
47436
47432
47401
47437
47452
47447
47512
47502
