144
178
171
124
137
122
84
35
127
127
220
286
302
373
436
482
523
507
510
500
514
580
650
619
695
782
738
837
831
866
834
788
848
879
856
886
837
917
947
1001
1091
1134
1185
1268
1272
1352
1332
1294
1264
1291
1271
1334
1421
1510
1534
1550
1529
1532
1624
1580
1640
1613
1590
1685
1686
1759
1785
1757
1805
1795
1762
1794
1893
1875
1901
1927
2019
2006
2062
2063
2081
2135
2198
2185
2229
2211
2246
2316
2295
2385
2374
2372
2365
2350
2417
2377
2460
2411
2462
2539
2524
2572
2541
2543
2560
2519
2600
2630
2631
2593
2601
2633
2615
2657
2717
2706
2764
2857
2868
2819
2777
2792
2877
2843
2919
2896
2933
2990
2969
3069
3028
3066
3123
3209
3160
3249
3244
3282
3304
3342
3295
3293
3335
3349
3431
3408
3494
3520
3572
3579
3672
3668
3704
3703
3685
3734
3688
3765
3825
3862
3818
3818
3845
3921
3872
3945
3943
3991
3950
3965
3942
3995
3984
4043
4136
4205
4222
4222
4251
4304
4303
4306
4343
4426
4516
4526
4557
4599
4577
4553
4519
4605
4663
4619
4712
4788
4876
4965
4969
4945
4986
5002
4952
4918
5012
4985
5036
5059
5020
4992
4983
4980
4957
4989
5066
5086
5086
5136
5215
5275
5260
5305
5342
5345
5370
5416
5369
5444
5542
5632
5700
5760
5720
5808
5829
5868
5875
5829
5909
5913
5952
6032
6071
6159
6175
6138
6157
6193
6219
6285
6304
6293
6343
6385
6420
6475
6503
6506
6485
6583
6557
6525
6495
6473
6528
6512
6475
6488
6498
6587
6603
6562
6545
6628
6603
6582
6680
6672
6727
6737
6758
6830
6787
6827
6868
6952
6995
6982
6989
6949
6964
7007
7067
7099
7137
7106
7165
7142
7095
7166
7265
7310
7326
7363
7359
7336
7295
7359
7413
7448
7423
7394
7354
7387
7367
7441
7423
7506
7579
7672
7641
7702
7663
7625
7652
7622
7662
7644
7608
7629
7723
7674
7654
7611
7626
7598
7612
7685
7666
7740
7690
7640
7633
7691
7674
7679
7721
7696
7796
7806
7895
7979
7977
7980
8057
8055
8025
8015
8062
8151
8104
8113
8122
8175
8205
8209
8164
8219
8240
8207
8275
8279
8262
8242
8277
8251
8253
8279
8300
8262
8222
8303
8302
8390
8487
8540
8572
8599
8659
8757
8828
8819
8835
8881
8966
9012
8981
8999
9038
9070
9098
9062
9131
9180
9139
9095
9159
9175
9149
9153
9239
9209
9163
9158
9235
9280
9353
9407
9364
9445
9429
9430
9461
9558
9634
9713
9745
9759
9801
9814
9894
9905
9868
9891
9985
10049
10098
10173
10224
10312
10265
10219
10285
10359
10405
10495
10529
10618
10677
10722
10773
10820
10880
10896
10974
10985
11009
11075
11151
11236
11188
11222
11222
11244
11316
11267
11261
11237
11244
11319
11372
11465
11445
11509
11465
11517
11480
11438
11479
11534
11563
11580
11559
11559
11560
11518
11610
11696
11658
11757
11793
11750
11833
11913
11922
11929
12017
12025
12004
12034
12028
12118
12182
12265
12298
12254
12260
12279
12294
12364
12453
12516
12529
12502
12500
12487
12452
12530
12629
12588
12619
12595
12657
12609
12688
12747
12817
12856
12872
12874
12879
12927
12987
12981
12939
12997
13036
13114
13187
13187
13182
13197
13199
13188
13178
13234
13309
13348
13420
13375
13387
13363
13391
13437
13455
13496
13505
13506
13570
13543
13613
13626
13637
13689
13650
13670
13675
13663
13630
13655
13653
13644
13636
13615
13625
13594
13544
13504
13492
13521
13493
13475
13535
13542
13611
13565
13555
13583
13582
13659
13617
13708
13759
13776
13726
13750
13752
13814
13858
13936
13900
13970
13951
13906
13972
14019
14086
14134
14106
14149
14203
14204
14235
14200
14232
14182
14159
14155
14208
14271
14365
14354
14378
14369
14454
14493
14562
14571
14563
14647
14707
14779
14857
14892
14962
15033
14989
15024
15042
15000
15062
15118
15120
15109
15117
15119
15109
15199
15154
15151
15229
15286
15276
15361
15457
15473
15501
15565
15644
15698
15751
15837
15936
15949
15914
15961
15971
16054
16053
16060
16058
16143
16190
16148
16134
16209
16178
16242
16229
16199
16245
16204
16234
16253
16276
16274
16342
16331
16385
16480
16519
16521
16499
16451
16456
16550
16622
16605
16645
16734
16729
16682
16723
16707
16800
16853
16832
16891
16868
16955
17052
17032
17000
17055
17025
17009
16967
17008
17107
17156
17235
17262
17238
17218
17186
17242
17332
17406
17489
17460
17420
17453
17530
17562
17598
17583
17638
17640
17723
17761
17734
17754
17852
17802
17845
17931
17923
18009
18055
18134
18226
18267
18346
18396
18378
18432
18392
18419
18454
18500
18469
18476
18546
18589
18540
18594
18650
18607
18638
18654
18747
18735
18809
18833
18848
18844
18834
18852
18838
18843
18794
18812
18905
18862
18856
18852
18931
18921
18978
18972
18983
19044
19087
19061
19037
19122
19145
19119
19163
19121
19093
19073
19034
18989
19009
19074
19125
19146
19097
19164
19221
19221
19237
19265
19339
19418
19455
19440
19461
19425
19483
19527
19548
19577
19607
19596
19696
19762
19855
19889
19946
19965
20017
20057
20049
20024
20106
20058
20131
20132
20185
20243
20219
20171
20222
20241
20276
20372
20444
20504
20480
20566
20585
20661
20613
20581
20558
20551
20512
20550
20634
20621
20703
20680
20727
20783
20785
20800
20837
20812
20792
20801
20868
20905
20927
21009
21077
21083
21082
21179
21147
21154
21249
21348
21318
21335
21325
21381
21432
21520
21588
21589
21629
21593
21545
21605
21668
21721
21760
21846
21799
21891
21983
22027
22086
22163
22118
22196
22295
22273
22291
22282
22239
22201
22167
22248
22211
22211
22303
22316
22340
22343
22430
22459
22418
22395
22354
22434
22504
22549
22574
22600
22640
22597
22679
22767
22775
22825
22846
22939
22981
23001
23004
23057
23016
23071
23022
23001
23100
23196
23208
23221
23213
23203
23165
23214
23201
23197
23282
23241
23209
23284
23325
23307
23401
23467
23453
23535
23627
23599
23580
23675
23746
23828
23860
23849
23909
24005
23986
23988
23942
23904
23890
23843
23906
23880
23877
23919
23883
23901
23995
24016
24005
24076
24049
24109
24149
24126
24197
24277
24369
24354
24376
24402
24485
24553
24651
24614
24687
24775
24753
24803
24889
24912
24978
25033
25045
25017
25004
25007
25090
25048
25051
25148
25211
25286
25317
25373
25397
25478
25516
25532
25559
25636
25649
25679
25720
25783
25747
25728
25685
25762
25760
25809
25786
25880
25858
25894
25850
25866
25903
26002
25960
25936
25909
25889
25906
25935
25936
26015
26036
26035
26036
26077
26034
26091
26097
26119
26104
26151
26151
26135
26157
26170
26185
26206
26195
26259
26210
26163
26130
26134
26121
26186
26280
26314
26297
26301
26392
26453
26409
26489
26508
26524
26607
26580
26552
26516
26603
26699
26731
26794
26886
26866
26844
26889
26962
26936
26904
26946
26952
26949
26936
26906
26866
26869
26828
26924
27018
27086
27156
27148
27127
27127
27117
27121
27135
27223
27262
27344
27295
27320
27299
27383
27377
27477
27547
27635
27611
27667
27696
27774
27827
27922
27914
27914
27907
27985
27946
27906
27895
27862
27911
27948
28032
28100
28139
28158
28179
28140
28106
28139
28204
28300
28300
28348
28416
28504
28474
28483
28493
28494
28511
28461
28495
28529
28594
28573
28638
28691
28775
28762
28746
28784
28842
28876
28938
28950
28961
29037
29048
29089
29161
29201
29213
29193
29256
29220
29197
29282
29250
29239
29206
29306
29373
29352
29405
29397
29446
29513
29473
29445
29442
29500
29515
29607
29665
29719
29730
29745
29753
29824
29823
29884
29946
29944
29944
29896
29951
29908
29971
30060
30069
30068
30168
30178
30179
30253
30316
30370
30329
30309
30273
30314
30354
30326
30395
30359
30338
30406
30492
30571
30546
30547
30625
30721
30674
30761
30747
30738
30728
30746
30771
30783
30826
30806
30884
30944
30924
30990
31065
31095
31052
31052
31123
31089
31048
31108
31098
31177
31226
31248
31287
31369
31450
31538
31612
31700
31738
31695
31786
31837
31787
31761
31851
31834
31917
32010
32056
32062
32148
32103
32059
32019
31996
32001
31994
31945
32033
32046
32069
32068
32129
32105
32099
32115
32195
32261
32351
32332
32302
32252
32302
32387
32384
32430
32515
32533
32548
32509
32519
32595
32619
32669
32719
32790
32879
32943
33002
33032
33037
33130
33195
33242
33270
33369
33407
33440
33427
33381
33388
33380
33471
33482
33433
33415
33415
33488
33552
33549
33588
33644
33723
33722
33813
33911
33904
33871
33966
34009
34037
34102
34097
34191
34177
34240
34300
34381
34436
34489
34470
34471
34475
34435
34430
34439
34420
34380
34435
34448
34472
34560
34654
34714
34773
34742
34818
34836
34832
34805
34899
34958
35013
35013
35095
35147
35114
35094
35090
35087
35093
35057
35023
35011
35077
35087
35077
35071
35058
35088
35131
35084
35146
35170
35162
35214
35170
35223
35228
35285
35253
35250
35201
35214
35259
35255
35305
35391
35426
35430
35445
35481
35551
35578
35660
35745
35785
35859
35867
35904
35963
35941
35908
35942
36039
36001
36062
36101
36140
36229
36222
36276
36234
36222
36249
36274
36289
36276
36267
36308
36291
36369
36386
36424
36389
36364
36316
36303
36371
36447
36493
36555
36605
36585
36614
36592
36577
36561
36617
36714
36735
36708
36666
36629
36594
36580
36639
36639
36632
36701
36730
36721
36777
36850
36866
36881
36929
36926
36895
36971
37010
37069
37112
37073
37144
37178
37244
37301
37272
37293
37276
37316
37315
37295
37278
37320
37310
37381
37344
37323
37417
37514
37519
37496
37559
37654
37705
37681
37759
37786
37854
37840
37906
37987
38063
38054
38085
38054
38090
38154
38107
38066
38033
38072
38079
38175
38177
38259
38261
38290
38250
