75
26
50
100
160
226
288
322
420
489
544
522
601
647
737
730
805
826
910
942
985
1002
996
950
955
994
974
953
915
998
1029
995
988
954
973
938
961
1020
1053
1044
1108
1061
1047
1014
996
987
1062
1098
1153
1230
1275
1315
1272
1255
1346
1349
1426
1439
1422
1463
1546
1520
1556
1651
1747
1727
1763
1815
1815
1872
1961
1945
2036
2070
2113
2171
2148
2099
2119
2112
2185
2218
2209
2305
2322
2317
2276
2345
2342
2430
2400
2404
2472
2449
2415
2498
2528
2621
2628
2678
2723
2738
2819
2904
2953
3037
3027
3016
2988
3030
3021
2976
2945
3015
3000
3039
3120
3133
3185
3193
3256
3351
3418
3460
3474
3496
3532
3625
3698
3737
3830
3928
3940
3942
3944
3924
4014
4113
4139
4239
4277
4325
4374
4461
4545
4612
4682
4726
4756
4782
4739
4747
4823
4859
4908
4953
4927
5014
5039
5072
5056
5099
5099
5139
5172
5134
5210
5239
5293
5325
5283
5351
5335
5344
5339
5436
5434
5445
5531
5556
5527
5527
5493
5467
5513
5490
5576
5555
5522
5481
5543
5542
5638
5668
5694
5732
5766
5754
5801
5848
5840
5895
5884
5903
5870
5903
5960
6007
6050
6149
6226
6237
6336
6385
6361
6434
6468
6485
6474
6515
6558
6512
6562
6639
6739
6827
6833
6839
6913
6955
6997
7061
7132
7113
7164
7261
7317
7320
7394
7347
7315
7405
7498
7479
7575
7548
7568
7535
7595
7592
7594
7612
7657
7644
7676
7675
7753
7792
7835
7859
7853
7942
7914
7958
7912
7988
8081
8068
8081
8090
8151
8214
8231
8317
8339
8308
8262
8356
8358
8394
8471
8441
8530
8503
8593
8600
8663
8679
8712
8672
8763
8802
8809
8773
8868
8944
8980
8981
8977
9030
9004
9064
9110
9199
9170
9188
9225
9182
9234
9255
9287
9279
9356
9353
9393
9381
9481
9544
9582
9557
9532
9535
9569
9553
9515
9609
9595
9661
9752
9788
9861
9817
9909
9938
9983
10031
9993
9948
10026
10001
10075
10149
10100
10105
10193
10229
10326
10420
10407
10406
10410
10423
10463
10559
10547
10643
10656
10627
10659
10738
10801
10817
10821
10774
10855
10823
10839
10834
10875
10966
11016
11038
11075
11125
11158
11217
11238
11239
11293
11326
11339
11355
11446
11524
11553
11537
11598
11625
11598
11557
11586
11660
11712
11752
11852
11920
11940
11919
11891
11990
11989
11995
12054
12067
12144
12147
12196
12153
12157
12230
12256
12331
12427
12508
12580
12657
12624
12623
12692
12733
12730
12723
12806
12796
12866
12966
12994
13045
13105
13107
13122
13175
13177
13133
13105
13172
13160
13137
13091
13173
13188
13279
13361
13447
13456
13539
13581
13543
13641
13727
13749
13822
13785
13803
13846
13837
13923
13992
14057
14022
14117
14182
14242
14218
14264
14286
14313
14350
14343
14420
14416
14370
14390
14416
14386
14338
14437
14499
14540
14628
14589
14604
14653
14730
14735
14769
14789
14773
14763
14742
14714
14729
14823
14887
14873
14860
14940
14985
14990
14984
15002
15084
15053
15091
15066
15068
15074
15123
15107
15149
15105
15145
15189
15179
15254
15243
15340
15330
15387
15483
15534
15607
15655
15708
15766
15772
15726
15825
15792
15837
15920
16001
15995
15963
16016
16103
16124
16213
16299
16395
16359
16456
16416
16405
16372
16417
16393
16365
16341
16419
16425
16423
16481
16563
16644
16601
16588
16682
16777
16833
16851
16869
16844
16824
16805
16887
16956
17030
17093
17107
17170
17254
17226
17204
17260
17355
17317
17333
17286
17261
17262
17298
17337
17348
17328
17308
17376
17382
17345
17326
17407
17421
17381
17369
17392
17483
17574
17674
17746
17832
17924
18010
17979
17940
17964
17917
17994
18059
18127
18108
18155
18142
18119
18178
18220
18206
18246
18332
18296
18348
18437
18463
18544
18513
18473
18556
18563
18628
18724
18704
18784
18797
18810
18800
18754
18719
18683
18679
18702
18741
18728
18783
18789
18851
18846
18891
18843
18812
18820
18851
18931
19028
19009
18962
19047
19101
19151
19244
19248
19345
19414
19391
19471
19436
19483
19522
19486
19552
19533
19595
19636
19733
19704
19794
19809
19816
19779
19760
19765
19757
19744
19749
19758
19752
19752
19796
19816
19860
19811
19778
19804
19770
19738
19794
19789
19863
19814
19849
19938
20013
20055
20112
20123
20173
20161
20220
20229
20310
20295
20348
20336
20399
20463
20540
20572
20589
20629
20711
20689
20677
20659
20724
20704
20803
20889
20873
20899
20914
21010
21110
21061
21072
21058
21023
21063
21099
21142
21134
21170
21216
21167
21183
21208
21192
21288
21321
21370
21345
21433
21437
21435
21422
21476
21454
21414
21488
21448
21422
21462
21449
21483
21438
21414
21373
21404
21479
21461
21537
21594
21683
21751
21753
21825
21888
21889
21959
21985
22008
22060
22012
21979
21959
22059
22012
22043
22103
22128
22135
22117
22130
22168
22170
22153
22253
22214
22175
22158
22210
22167
22177
22164
22239
22274
22359
22350
22342
22404
22359
22378
22411
22434
22497
22448
22454
22476
22442
22444
22539
22592
22686
22651
22711
22756
22843
22867
22868
22844
22801
22825
22786
22849
22882
22979
23015
23096
23159
23112
23116
23114
23137
23102
23150
23166
23207
23270
23351
23419
23438
23441
23427
23457
23494
23519
23598
23677
23727
23694
23723
23726
23708
23729
23777
23759
23748
23726
23780
23856
23820
23785
23739
23774
23862
23870
23831
23786
23866
23900
23965
23999
23983
24075
24146
24146
24143
24178
24236
24289
24370
24395
24479
24541
24539
24497
24595
24621
24573
24571
24562
24619
24700
24759
24739
24729
24829
24851
24860
24935
24892
24919
24918
24985
25030
25076
25102
25102
25089
25044
25090
25062
25100
25191
25251
25350
25440
25435
25494
25587
25659
25708
25699
25681
25651
25611
25648
25747
25770
25803
25839
25907
25926
25876
25970
25936
25952
26000
25993
26033
26127
26151
26114
26083
26079
26044
26061
26139
26152
26216
26195
26183
26207
26175
26158
26206
26269
26308
26287
26333
26371
26330
26316
26399
26449
26431
26488
26514
26522
26582
26608
26635
26593
26633
26722
26672
26754
26831
26868
26957
26949
27019
26997
26975
27041
27096
27189
27271
27235
27194
27146
27199
27218
27179
27242
27282
27320
27406
27448
27527
27499
27593
27573
27565
27626
27626
27675
27765
27740
27816
27781
27761
27719
27798
27815
27779
27785
27850
27820
27830
27793
27885
27878
27841
27833
27919
27877
27842
27805
27898
27998
28060
28076
28152
28140
28222
28223
28302
28270
28238
28335
28326
28314
28354
28446
28493
28576
28572
28637
28633
28683
28669
28729
28809
28873
28893
28957
28986
29076
29091
29125
29205
29265
29319
29394
29441
29505
29455
29449
29533
29610
29684
29640
29704
29760
29853
29816
29833
29871
29956
30019
30070
30077
30061
30020
30119
30199
30258
30225
30220
30261
30308
30328
30285
30351
30372
30393
30401
30417
30417
30473
30498
30501
30467
30565
30623
30656
30688
30643
30706
30795
30810
30865
30905
30972
30928
30935
30928
30966
31021
31036
31004
31067
31045
31056
31116
31207
31255
31323
