105
77
70
71
150
147
215
241
212
307
318
350
310
261
237
193
283
321
377
351
309
272
310
302
398
467
431
396
441
504
527
560
561
614
644
619
664
722
753
848
831
922
901
858
950
912
872
829
883
872
895
976
1054
1126
1150
1220
1192
1289
1342
1402
1469
1419
1418
1497
1451
1412
1504
1526
1598
1612
1638
1611
1587
1562
1593
1645
1649
1714
1677
1769
1833
1785
1747
1776
1765
1823
1913
1967
1973
2064
2149
2148
2197
2259
2292
2377
2454
2512
2566
2603
2578
2618
2675
2667
2655
2666
2740
2824
2782
2750
2806
2796
2792
2806
2835
2789
2789
2829
2781
2809
2811
2830
2905
2981
3050
3127
3183
3207
3282
3352
3416
3471
3440
3467
3539
3544
3531
3595
3655
3665
3668
3637
3670
3691
3739
3813
3775
3770
3832
3887
3856
3861
3953
3913
3926
3939
3927
4002
3986
3996
4024
4096
4081
4056
4040
4121
4129
4104
4089
4081
4031
4006
4034
4043
4010
4037
4027
4105
4132
4086
4186
4275
4317
4377
4370
4324
4393
4397
4394
4438
4511
4575
4604
4654
4635
4653
4651
4675
4629
4613
4665
4618
4611
4689
4712
4799
4811
4877
4827
4857
4914
5011
5023
5031
5054
5014
5106
5114
5093
5135
5174
5170
5227
5305
5343
5386
5450
5462
5545
5497
5502
5506
5510
5460
5444
5498
5524
5491
5497
5475
5508
5480
5468
5471
5545
5530
5622
5704
5690
5743
5706
5799
5783
5848
5809
5792
5844
5846
5941
5896
5868
5822
5901
5916
5967
6012
6043
6071
6095
6111
6105
6087
6183
6236
6298
6268
6307
6377
6382
6374
6421
6456
6412
6416
6443
6533
6523
6483
6573
6531
6585
6678
6656
6653
6724
6756
6798
6859
6883
6864
6947
7026
6986
6961
7044
7085
7040
7084
7051
7071
7048
7073
7084
7130
7135
7162
7192
7288
7378
7361
7411
7482
7454
7427
7414
7367
7391
7377
7406
7447
7538
7493
7448
7398
7378
7414
7415
7425
7416
7393
7487
7492
7482
7540
7527
7530
7590
7643
7707
7721
7778
7863
7869
7878
7886
7857
7880
7977
7981
7964
8038
8022
8039
8102
8084
8037
8008
8084
8125
8213
8173
8255
8331
8337
8375
8471
8436
8444
8523
8572
8602
8644
8720
8693
8710
8716
8700
8759
8714
8783
8848
8847
8859
8839
8849
8799
8772
8722
8729
8731
8690
8725
8817
8867
8868
8965
8982
9036
9056
9091
9154
9241
9281
9304
9403
9394
9477
9439
9405
9417
9478
9436
9395
9493
9490
9500
9588
9574
9533
9497
9595
9572
9644
9594
9562
9567
9521
9482
9537
9621
9703
9687
9698
9767
9724
9818
9880
9951
9975
10075
10075
10122
10189
10167
10150
10239
10252
10261
10259
10235
10192
10242
10317
10273
10287
10258
10280
10329
10417
10396
10467
10516
10535
10614
10570
10663
10689
10771
10739
10800
10836
10868
10958
11038
10998
11026
11122
11216
11295
11387
11360
11378
11359
11349
11366
11334
11369
11333
11391
11464
11508
11546
11569
11527
11564
11654
11738
11731
11692
11746
11771
11750
11720
11701
11795
11853
11926
11933
11961
12003
11994
12027
12039
12106
12074
12131
12084
12099
12113
12076
12031
12109
12140
12138
12138
12160
12214
12269
12286
12334
12344
12377
12407
12499
12541
12601
12688
12783
12799
12887
12963
12936
12912
12917
12972
12988
13077
13143
13107
13189
13189
13145
13226
13197
13230
13311
13348
13439
13517
13553
13530
13609
13702
13654
13638
13619
13690
13656
13638
13673
13746
13763
13835
13856
13841
13859
13932
14013
14104
14118
14084
14083
14164
14237
14205
14246
14226
14321
14317
14363
14340
14317
14276
14312
14401
14412
14407
14487
14449
14464
14439
14449
14423
14392
14429
14462
14555
14542
14591
14685
14765
14732
14827
14914
15002
15055
15015
15057
15007
15097
15084
15171
15170
15173
15172
15152
15229
15242
15261
15297
15305
15345
15333
15346
15443
15491
15478
15479
15435
15474
15515
15496
15551
15594
15642
15599
15645
15678
15715
15746
15742
15706
15743
15733
15727
15756
15786
15807
15803
15886
15959
15936
15970
15947
15975
16065
16108
16182
16182
16277
16351
16443
16450
16461
16525
16544
16644
16691
16787
16805
16808
16855
16895
16873
16847
16821
16912
16951
16963
16971
16971
16984
17038
17013
17006
16984
16948
16951
16981
17023
17109
17130
17091
17057
17148
17213
17263
17237
17248
17257
17278
17311
17318
17402
17488
17549
17572
17585
17578
17623
17605
17659
17698
17674
17692
17647
17662
17635
17614
17599
17585
17662
17681
17683
17642
17717
17800
17838
17823
17863
17911
17867
17897
17904
17874
17972
17928
18026
18103
18118
18166
18187
18144
18124
18156
18111
18096
18122
18156
18203
18200
18268
18263
18352
18425
18485
18554
18595
18625
18661
18654
18619
18644
18694
18700
18691
18724
18779
18762
18836
18811
18820
18872
18855
18915
19004
18991
19078
19036
19105
19181
19182
19153
19247
19277
19329
19420
19424
19402
19388
19460
19457
19527
19623
19663
19702
19722
19711
19764
19827
19908
20005
19959
20045
20105
20111
20201
20216
20181
20251
20251
20280
20358
20338
20423
20454
20499
20524
20538
20565
20605
20580
20564
20625
20677
20719
20817
20789
20784
20756
20746
20798
20804
20843
20834
20870
20878
20860
20913
20913
20872
20912
20993
21052
21146
21197
21154
21132
21087
21115
21132
21178
21223
21278
21378
21346
21334
21339
21368
21444
21446
21523
21588
21684
21660
21631
21641
21741
21774
21841
21874
21938
21909
21984
22075
22168
22268
22320
22349
22306
22305
22400
22405
22493
22571
22619
22614
22646
22722
22788
22845
22920
22969
22933
23000
22994
22954
23010
23076
23118
23105
23088
23142
23163
23209
23188
23236
23273
23368
23327
23366
23434
23462
23479
23527
23614
23564
23606
23676
23632
23718
23697
23698
23780
23793
23828
23824
23795
23841
23822
23847
23832
23876
23947
23933
23928
23981
24026
24122
24204
24256
24336
24343
24412
24406
24374
24327
24356
24367
24345
24420
24476
24456
24452
24490
24523
24540
24514
24557
24566
24660
24720
24719
24802
24816
24866
24844
24929
25003
25041
25072
25132
25174
25273
25246
25336
25342
25366
25460
25447
25499
25591
25637
25624
25625
25707
25750
25845
25922
25935
26014
26002
26052
26117
26107
26203
26239
26198
26291
26251
26231
26319
26287
26302
26279
26248
26218
26186
26147
26200
26262
26312
26358
26435
26505
26524
26484
26486
26472
26433
26504
26530
26595
26654
26610
26613
26623
26657
26754
26845
26878
26843
26810
26893
26970
26978
26933
26993
26951
27034
27108
27191
27205
27301
27374
27470
27504
27506
27519
27487
27506
27470
27483
27553
27508
27510
27513
27554
27588
27573
27664
27687
27722
27776
27844
27860
27910
27977
28051
28145
28171
28222
28213
28253
28315
28312
28354
28340
28324
28299
28396
28411
28393
28462
28516
28509
28608
28664
28724
28794
28848
28948
29038
29037
29104
29143
29097
29193
29196
29247
29218
29249
29259
29313
29337
29402
29421
29446
29467
29493
29557
29549
29590
29643
29736
29826
29871
29863
29933
29934
30005
30031
30020
30094
30129
30114
30153
30246
30318
30353
30437
30456
30515
30532
30628
30603
30567
30592
30614
30684
30710
30751
30701
30735
30702
30758
30780
30809
30778
30728
30768
30799
30770
30774
30793
30778
30779
30779
30748
30795
30832
30903
30854
30903
30961
30930
31016
31022
31076
31170
31180
31130
31178
31263
31274
31224
31186
31242
31192
31291
31274
31300
31340
31434
31462
31418
31404
31453
31476
31576
31662
31758
31838
31919
31975
31936
31901
31996
31948
32023
32031
32021
32109
32161
32221
32283
32311
32331
32408
32359
32442
32407
32496
32559
32563
32561
32654
32715
32719
32730
32721
32677
32674
32698
32737
32836
32843
32830
32879
32839
32932
32974
32975
33011
32999
33060
33154
33250
33347
33382
33436
33474
33560
33569
33549
33500
33494
33594
33566
33602
33627
33647
33606
33573
33596
33638
33630
33593
33648
33685
33649
33724
33809
33779
33842
33940
33975
33986
33958
34057
34117
34113
34105
34142
34183
34189
34204
34289
34280
34291
34316
34406
34472
34501
34576
34647
34737
34715
34703
34659
34646
34642
34634
34601
34559
34639
34590
34662
34704
34750
34747
34722
34727
34826
34922
34958
35026
35091
35078
35040
35055
35154
35245
35222
35175
35258
35299
35266
35322
35325
35415
35446
35537
35507
35522
35535
35609
35571
35531
35589
35568
35603
35587
35586
35591
35678
35709
35710
35734
35695
35653
35749
35827
35834
35884
35962
36006
36020
36093
36045
36059
36090
36124
36211
36284
36338
36300
36271
36327
36295
36331
36395
36437
36423
36518
36553
36552
36535
36574
36552
36618
36713
36680
36642
36621
36694
36664
36742
36818
36897
36971
36979
37015
37054
37035
37064
37034
37061
37159
37157
37154
37237
37210
37199
37288
37360
37379
37456
37415
37383
37371
37376
37439
37403
37426
37523
37526
37586
37658
37686
37700
37737
37763
37802
37772
37798
37760
37860
37921
37999
38042
38114
38071
38171
38194
38229
38313
38295
38324
38351
38400
38391
38381
38376
38434
38432
38395
38423
38452
38486
38466
38425
38423
38473
38451
38516
38494
38494
38497
38467
38551
38574
38547
38618
38694
38785
38876
38959
38982
39051
39042
39132
39109
39183
39139
39100
39096
39056
39149
39133
39122
39083
39182
39188
39266
39266
39267
39306
39347
39446
39540
39579
39561
39646
39646
39739
39775
39850
39936
39944
39979
40047
40053
40102
40129
40176
40169
40235
40198
40289
40279
40346
40302
40371
40445
40542
40582
40671
40689
40661
40619
40573
40568
40658
40699
40749
40791
40768
40859
40874
40901
40909
40892
40936
40928
40997
40957
41024
41013
41088
41058
41018
41117
41168
41234
41249
41251
41242
41249
41272
41282
41364
41461
41412
41483
41569
41524
41534
41602
41629
41718
41810
41830
41794
41747
41749
41703
41768
41741
41707
41672
41637
41727
41786
41810
41800
41832
41932
41958
41980
42044
42109
42119
42130
42205
42174
42153
42113
42130
42215
42208
42300
42323
42422
42445
42403
42379
42415
42389
42382
42437
42430
42390
42347
42399
42358
42444
42414
42431
42524
42588
42658
42741
42725
42748
42718
42718
42747
42715
42749
42725
42715
42713
42801
42760
42854
42883
42978
42939
42944
43044
43007
42961
43018
43034
43044
43089
43082
43036
43034
43096
43101
43107
43080
43158
43226
43274
43231
43283
43342
43439
43409
43402
43487
43520
43499
43559
43628
43589
43630
43704
43674
43690
43648
43676
43757
43801
43817
43891
43919
44012
44041
44042
44117
44128
44144
44172
44248
44241
44277
44265
44294
44258
44226
44268
44247
44272
44257
44308
44352
44418
44475
44495
44518
44550
44507
44578
44621
44663
44739
44762
44800
44825
44913
45012
45112
45085
45065
45076
45128
45081
45181
45159
45115
45078
45131
45199
45189
45251
45341
45415
45410
45379
45412
45362
45372
45466
45534
45506
45524
45549
45570
45593
45666
45758
45806
45758
45793
45852
45900
45975
46022
46028
46083
46111
46166
46200
46260
46285
46378
46436
46466
46486
46565
46597
46610
46635
46627
46620
46646
46717
46708
46669
46653
46667
46752
46778
46874
46900
46851
46848
46803
46865
46930
47001
47057
47019
47075
47148
47162
47126
47138
47170
47172
47255
47340
47400
47409
47362
47408
47458
47542
47641
47718
47814
47808
47838
47915
47876
47953
47976
48013
48058
48062
48019
48078
48166
48212
48243
48288
48275
48284
48278
48349
48395
48345
48431
48440
48465
48489
48454
48456
48528
48604
48608
48700
48706
48720
48738
48805
48879
48904
48933
48964
49061
49024
49102
49098
