82
146
233
312
314
383
468
561
605
695
739
702
676
719
736
702
733
713
775
740
817
908
918
996
1092
1109
1086
1056
1014
980
1005
1093
1185
1223
1197
1208
1244
1328
1399
1426
1445
1451
1479
1512
1470
1445
1449
1473
1501
1565
1586
1642
1668
1757
1733
1745
1785
1820
1876
1866
1930
2010
2045
2010
1982
1980
2067
2159
2224
2206
2292
2379
2446
2526
2589
2558
2537
2577
2657
2607
2562
2554
2517
2555
2507
2502
2479
2544
2537
2490
2573
2542
2563
2622
2675
2635
2620
2654
2673
2715
2696
2793
2749
2834
2819
2888
2979
3067
3066
3132
3171
3143
3118
3206
3283
3242
3295
3278
3288
3363
3341
3312
3400
3456
3518
3539
3626
3615
3654
3640
3661
3691
3674
3646
3670
3621
3649
3713
3805
3774
3805
3808
3815
3880
3833
3837
3875
3859
3887
3976
4073
4037
4026
4085
4152
4247
4232
4310
4260
4298
4368
4377
4372
4364
4380
4438
4417
4498
4579
4675
4692
4787
4778
4862
4916
4921
4964
4981
4978
4963
5004
4954
5021
5079
5105
5189
5206
5173
5180
5162
5253
5220
5170
5153
5251
5238
5224
5204
5175
5194
5238
5305
5395
5481
5518
5494
5514
5498
5468
5475
5534
5535
5611
5598
5697
5739
5698
5678
5702
5794
5772
5776
5841
5897
5861
5950
5923
5915
5971
6031
6032
6111
6164
6153
6200
6260
6330
6376
6338
6304
6295
6297
6322
6372
6426
6443
6406
6468
6502
6552
6592
6681
6763
6849
6892
6922
6895
6945
6915
7010
7014
6999
6991
6986
6960
7035
7098
7137
7136
7118
7182
7224
7206
7293
7311
7400
7351
7386
7370
7361
7405
7381
7407
7439
7433
7400
7383
7356
7327
7385
7409
7388
7391
7400
7415
7394
7454
7487
7448
7449
7401
7437
7482
7490
7445
7501
7472
7491
7574
7583
7583
7543
7610
7562
7621
7600
7591
7611
7671
7704
7656
7617
7644
7638
7704
7781
7733
7768
7836
7841
7894
7887
7886
7841
7809
7788
7887
7939
8029
8050
8119
8136
8131
8138
8132
8200
8267
8348
8310
8264
8333
8432
8448
8398
8433
8439
8441
8415
8408
8434
8406
8427
8451
8491
8544
8554
8616
8592
8632
8709
8729
8715
8797
8796
8789
8746
8830
8892
8863
8847
8853
8834
8852
8816
8900
8905
8954
9046
9068
9091
9147
9104
9181
9270
9352
9436
9510
9526
9493
9463
9448
9450
9416
9459
9470
9454
9480
9547
9546
9496
9567
9547
9634
9698
9791
9790
9824
9779
9833
9883
9910
9910
9936
9919
9901
9956
9965
9967
10047
10054
10149
10244
10319
10399
10465
10457
10463
10492
10447
10402
10434
10486
10527
10505
10456
10469
10551
10530
10597
10610
10668
10687
10775
10864
10962
10970
11069
11152
11203
11283
11359
11428
11500
11531
11481
11569
11526
11599
11602
11693
11650
11699
11708
11725
11808
11768
11732
11763
11722
11720
11817
11827
11872
11932
12010
11999
11953
11987
12003
12084
12158
12168
12154
12210
12246
12269
12281
12375
12467
12518
12564
12640
12686
12643
12735
12784
12748
12844
12869
12902
12972
12987
12983
13017
13099
13061
13098
13127
13166
13247
13280
13251
13331
13345
13365
13439
13392
13355
13417
13490
13495
13527
13608
13696
13740
13702
13714
13768
13802
13818
13784
13756
13770
13827
13833
13927
13877
13879
13844
13895
13907
13859
13840
13922
13998
13954
14003
14013
13984
13965
13962
14008
14016
14043
14079
14123
14139
14093
14152
14236
14278
14302
14342
14343
14399
14461
14506
14525
14576
14590
14672
14686
14715
14804
14853
14871
14967
14962
14988
15086
15178
15168
15253
15286
15264
15334
15292
15340
15404
15394
15369
15324
15311
15402
15499
15588
15572
15557
15592
15683
15689
15735
15736
15819
15865
15825
15819
15872
15895
15845
15823
15832
15826
15921
15946
15917
15948
15974
15981
15969
15941
16002
16031
16014
16035
16094
16065
16032
16086
16081
16140
16189
16165
16148
16222
16226
16323
16329
16352
16432
16467
16500
16514
16558
16572
16528
16513
16472
16511
16521
16544
16517
16566
16623
16684
16777
16805
16814
16825
16809
16762
16837
16826
16792
16812
16878
16909
16862
16868
16872
16867
16910
16996
17051
17057
17024
17108
17158
17122
17075
17154
17240
17239
17305
17293
17281
17293
17263
17336
17343
17328
17363
17342
17333
17337
17400
17426
17510
17592
17563
17529
17587
17643
17743
17774
17787
17738
17816
17865
17850
17936
17924
18004
18048
18145
18116
18109
18125
18163
18255
18308
18363
18416
18396
18396
18405
18357
18321
18300
18286
18240
18246
18215
18293
18377
18390
18352
18319
18401
18433
18447
18531
18602
18632
18698
18756
18743
18700
18746
18752
18739
18733
18692
18766
18866
18952
18956
18936
18930
18993
19014
19099
19109
19191
19284
19276
19367
19416
19368
19342
19366
19428
19500
19539
19591
19667
19708
19696
19658
19692
19642
19721
19804
19891
19973
19995
20047
20019
20094
20053
20039
20132
20094
20143
20185
20215
20202
20227
20190
20246
20214
20253
20222
20304
20327
20373
20415
20510
20577
20632
20591
20626
20688
20733
20696
20702
20679
20778
20819
20825
20858
20913
20931
20931
20986
21026
21062
21043
21026
21002
21044
21091
21173
21249
21225
21248
21261
21266
21362
21425
21401
21447
21533
21504
21592
21620
21688
21735
21695
21676
21740
21768
21761
21722
21757
21850
21933
22001
22085
22184
22279
22310
22295
22385
22421
22507
22554
22549
22631
22650
22720
22728
22787
22753
22812
22860
22899
22973
23061
23084
23175
23201
23158
23125
23187
23276
23226
23292
23323
23382
23462
23561
23533
23605
23594
23577
23587
23630
23606
23587
23599
23612
23601
23690
23663
23703
23672
23652
23620
23581
23607
23661
23682
23645
23631
23595
23586
23604
23566
23521
23607
23667
23735
23821
23848
23857
23915
23963
24033
24046
24066
24121
24115
24204
24197
24188
24279
24232
24291
24247
24268
24263
24221
24195
24243
24310
24377
24327
24309
24339
24312
24326
24418
24411
24399
24376
24384
24340
24383
24439
24434
24514
24546
24617
24629
24686
24709
24674
24726
24818
24853
24816
24799
24892
24948
24950
24922
24993
24955
24962
24970
24969
24929
24885
24964
25003
25024
25013
25066
25115
25099
25055
25098
25161
25123
25127
25085
25108
25170
25190
25264
25334
25428
25451
25466
25464
25559
25532
25569
25532
25582
25607
25588
25682
25749
25704
25802
25808
25782
25786
25849
25948
25949
26018
26063
26141
26145
26117
26212
26236
26222
26284
26362
26409
26404
26381
26350
26344
26387
26372
26451
26492
26528
26481
26580
26588
26668
26745
26800
26793
26822
26867
26963
27060
27035
27132
27143
27114
27204
27277
27319
27391
27346
27354
27310
27358
27327
27390
27431
27524
27550
27551
27633
27715
27752
27763
27715
27781
27881
27925
27933
27898
27919
27921
27989
28075
28061
28123
28203
28160
28110
28117
28094
28191
28152
28109
28110
28122
28184
28227
28195
28241
28242
28269
28249
28305
28354
28375
28359
28402
28423
28416
28399
28477
28473
28564
28552
28508
28478
28547
28500
28531
28570
28621
28689
28755
28752
28728
28801
28886
28933
29011
29062
29119
29088
29078
29172
29133
29197
29265
29238
29200
29167
29126
29152
29171
29247
29230
29219
29219
29314
29352
29343
29344
29307
29259
29257
29341
29301
29387
29390
29372
29456
29553
29542
29556
29567
29597
29547
29647
29642
29660
29635
29658
29678
29688
29698
29676
29732
29818
29846
29847
29822
29776
29733
29707
29702
29692
29656
29657
29671
29756
29823
29807
29865
29953
29971
30062
30068
30029
30010
29982
29994
29965
29998
29984
29957
29928
29979
30073
30027
30113
30170
30203
30170
30248
30222
30262
30275
30269
30320
30355
30378
30411
30362
30315
30353
30365
30398
30355
30447
30542
30500
30468
30425
30388
30425
30433
30394
30421
30495
30513
30609
30699
30672
30718
30719
30749
30845
30796
30865
30944
31032
31083
31048
31114
31112
31140
31107
31057
31124
31171
31170
31214
31178
31264
31334
31345
31445
31411
31399
31424
31386
31347
31302
31293
31304
31377
31337
31411
31487
31454
31538
31558
31535
31585
31558
31574
31565
31584
31542
31638
31725
31754
31767
31865
31909
31949
31974
31966
31976
31949
31920
31960
32022
32043
32096
32128
32103
32156
32255
32234
32268
32236
32254
32299
32294
32328
32399
32408
32483
32569
32534
32627
32650
32678
32722
32813
32830
32837
32858
32943
32915
32963
32915
32865
32910
32939
33035
33117
33216
33190
33215
33311
33369
33356
33392
33480
33509
33586
33626
33721
33792
33822
33874
33953
33961
33933
33915
34000
34064
34100
34071
34106
34126
34214
34298
34269
34278
34353
34421
34375
34472
34440
34451
34475
34558
34518
34572
34668
34683
34642
34666
34701
34774
34857
34937
34889
34841
34909
34907
34958
35024
35087
35053
35039
35035
35033
34984
35006
35005
34988
35026
35018
35004
35010
35081
35046
35097
35136
35146
35190
35255
35304
35373
35352
35309
35405
35477
35430
35422
35422
35457
35457
35492
35590
35550
35514
35596
35648
35734
35823
35800
35875
35955
35929
35945
35975
35962
35934
35913
35945
35910
35951
36027
36054
36140
36115
36117
36166
36124
36172
36178
36250
36297
36318
36271
36323
36281
36367
36412
36506
36578
36594
36585
36604
36602
36689
36740
36799
36848
36933
36930
36922
36902
36955
36962
37006
37027
37083
37037
37055
37036
37008
37003
37050
37138
37126
37099
37128
37192
37207
37278
37305
37290
37335
37349
37438
37394
37474
37525
37586
37620
37578
37605
37647
37616
37701
37708
37697
37652
37612
37670
37722
37788
37852
37869
37827
37921
37873
37909
37921
37941
38019
38062
