118
109
131
164
122
191
248
201
180
271
353
335
376
417
487
529
564
589
598
692
763
796
790
789
843
861
833
875
909
941
941
894
863
916
993
1086
1099
1167
1205
1184
1246
1254
1211
1181
1212
1299
1308
1344
1413
1446
1539
1621
1675
1696
1684
1665
1636
1648
1648
1661
1749
1743
1793
1780
1755
1846
1852
1931
2024
2094
2116
2134
2131
2173
2177
2251
2320
2359
2442
2525
2585
2659
2721
2711
2692
2746
2841
2827
2885
2865
2964
2967
3025
3102
3148
3194
3286
3373
3397
3389
3417
3455
3542
3535
3544
3622
3672
3630
3596
3644
3685
3690
3681
3704
3692
3694
3773
3770
3838
3837
3917
3870
3935
3927
3994
3993
3981
4003
4100
4171
4161
4148
4165
4240
4272
4332
4317
4273
4311
4273
4303
4383
4461
4531
4627
4615
4597
4562
4539
4604
4571
4593
4550
4536
4629
4676
4715
4739
4713
4776
4779
4740
4788
4749
4791
4878
4862
4933
4907
4896
4975
5041
5054
5076
5101
5141
5224
5204
5242
5200
5159
5228
5233
5183
5163
5228
5179
5163
5178
5244
5307
5313
5295
5273
5252
5295
5273
5281
5311
5272
5333
5372
5389
5357
5426
5461
5545
5642
5676
5753
5770
5732
5780
5759
5851
5847
5925
5949
6046
6079
6124
6151
6133
6093
6105
6071
6091
6190
6267
6291
6344
6382
6481
6484
6511
6573
6644
6656
6695
6698
6788
6746
6719
6691
6718
6688
6688
6756
6850
6839
6830
6801
6841
6882
6960
6977
7024
7110
7198
7234
7291
7353
7396
7458
7410
7365
7455
7480
7515
7475
7478
7449
7445
7400
7492
7540
7597
7585
7659
7743
7786
7745
7740
7762
7841
7855
7918
7951
7923
7926
7980
7977
8053
8023
8070
8048
8072
8167
8239
8202
8153
8174
8196
8252
8244
8296
8264
8352
8349
8385
8399
8381
8387
8459
8488
8558
8564
8583
8554
8570
8576
8594
8683
8690
8699
8749
8818
8906
8896
8988
9009
8964
8932
8995
9074
9103
9100
9157
9248
9233
9187
9150
9116
9088
9074
9025
8997
9053
9145
9110
9155
9187
9249
9240
9220
9313
9274
9371
9342
9320
9296
9368
9321
9387
9414
9384
9415
9381
9407
9431
9441
9464
9547
9534
9518
9562
9598
9683
9707
9764
9864
9863
9847
9821
9856
9920
9966
9971
9993
9946
10007
10056
10091
10180
10163
10141
10199
10152
10168
10205
10157
10164
10165
10258
10299
10291
10349
10404
10461
10448
10490
10500
10490
10538
10613
10630
10613
10583
10659
10641
10619
10686
10643
10685
10667
10659
10751
10781
10789
10780
10824
10776
10853
10952
10936
10911
10884
10841
10876
10950
11020
11029
11021
11078
11157
11244
11215
11229
11189
11188
11238
11253
11299
11281
11246
11277
11327
11395
11382
11468
11494
11502
11465
11546
11510
11552
11547
11528
11549
11588
11551
11561
11572
11643
11650
11696
11743
11698
11680
11686
11768
11827
11831
11900
11950
11998
12037
11991
12032
12110
12206
12187
12180
12153
12199
12278
12335
12306
12336
12416
12385
12337
12346
12441
12395
12429
12384
12475
12432
12518
12534
12524
12575
12638
12723
12726
12699
12792
12749
12763
12841
12826
12855
12808
12783
12851
12821
12917
13006
13085
13104
13096
13075
13124
13123
13204
13243
13210
13198
13202
13292
13310
13266
13298
13398
13463
13436
13416
13376
13379
13433
13431
13522
13481
13570
13564
13543
13616
13663
13700
13686
13639
13713
13799
13809
13764
13830
13827
13846
13838
13830
13928
13961
13919
13881
13948
13908
13937
13950
14005
13959
13991
13991
14090
14064
14078
14060
14082
14117
14209
14303
14330
14315
14269
14270
14221
14275
14235
14188
14256
14220
14222
14237
14197
14189
14225
14276
14356
14344
14375
14471
14543
14634
14701
14737
14836
14825
14842
14829
14854
14845
14838
14895
14980
15042
15035
15063
15013
15095
15098
15104
15203
15170
15204
15181
15141
15215
15252
15260
15237
15253
15291
15350
15349
15351
15417
15426
15526
15530
15610
15704
15768
15786
15744
15803
15840
15792
15833
15806
15763
15729
15773
15781
15797
15795
15762
15809
15767
15781
15782
15747
15781
15769
15807
15871
15958
15950
15929
15932
15956
15962
16039
16078
16163
16121
16167
16243
16341
16304
16374
16351
16354
16355
16384
16384
16375
16389
16442
16501
16483
16553
16506
16525
16599
16699
16652
16712
16696
16697
16664
16757
16739
16694
16752
16820
16878
16900
16894
16870
16860
16899
16857
16953
16948
16905
16956
16937
17027
17024
16998
17004
17070
17128
17163
17223
17182
17253
17266
17341
17404
17484
17477
17480
17458
17429
17509
17510
17590
17580
17585
17614
17587
17566
17624
17705
17728
17775
17744
17816
17885
17962
17925
18007
18088
18096
18046
18014
18059
18107
18115
18167
18141
18204
18296
18270
18340
18291
18355
18401
18406
18436
18459
18480
18472
18462
18558
18560
18550
18641
18624
18697
18657
18751
18740
18757
18744
18834
18907
18984
18978
18947
18950
18925
18897
18868
18945
18920
18891
18885
18964
19009
19058
19103
19054
19081
19073
19116
19195
19274
19255
19340
19423
19391
19416
19429
19483
19488
19498
19487
19524
19536
19520
19596
19589
19673
19761
19747
19760
19759
19758
19854
19854
19920
19961
20011
20110
20200
20252
20212
20306
20310
20304
20295
20373
20329
20317
20343
20401
20392
20486
20488
20489
20478
20567
20544
20531
20594
20631
20581
20545
20628
20626
20602
20655
20678
20634
20732
20793
20853
20856
20893
20907
20863
20831
20830
20819
20828
20873
20876
20851
20870
20928
20987
21039
21092
21121
21075
21145
21145
21114
21183
21237
21267
21336
21414
21369
21425
21473
21536
21590
21673
21701
21696
21794
21868
21822
21818
21839
21910
21979
21957
21931
21923
21930
21947
22007
22076
22149
22176
22206
22182
22175
22180
22272
22315
22377
22352
22452
22480
22536
22519
22495
22559
22599
22566
22612
22597
22646
22705
22693
22729
22791
22759
22735
22807
22764
22714
22759
22750
22847
22856
22941
22945
23043
23000
23019
22970
22967
23044
23105
23143
23203
23222
23186
23208
23274
23262
23237
23199
23244
23321
23285
23375
23376
23448
23408
23443
23510
23548
23632
23716
23723
23693
23716
23745
23729
23687
23698
23723
23682
23722
23757
23834
23913
23899
23883
23949
23939
23929
23970
23985
24050
24101
24120
24088
24097
24069
24134
24086
24159
24243
24234
24201
24161
24121
24208
24178
24211
24236
24278
24305
24288
24261
24229
24197
24237
24273
24234
24283
24249
24209
24281
24269
24275
24336
24298
24290
24266
24323
24276
24321
24394
24380
24466
24547
24599
24591
24661
24659
24672
24643
24730
24799
24819
24857
24912
24880
24973
25029
25039
25003
24962
24928
24965
25007
25009
25014
25102
25160
25177
25236
25258
25320
25327
25336
25403
25455
25473
25431
25455
25495
25480
25435
25433
25488
25480
25526
25618
25672
25625
25618
25702
25741
25693
25758
25855
25935
25952
25997
25986
26014
25981
26007
26075
26097
26176
26148
26104
26136
26088
26186
26164
26140
26221
26273
26357
26435
26488
26482
26504
26548
26568
26616
26705
26777
26835
26876
26838
26906
26975
26999
27023
27095
27183
27265
27323
27421
27396
27461
27460
27513
27557
27529
27555
27632
27727
27822
27848
27901
27874
27855
27839
27896
27995
27954
27939
27927
27979
28045
28014
28094
28117
28081
28038
28018
28059
28015
28055
28138
28127
28178
28154
28156
28176
28269
28337
28289
28330
28329
28300
28335
28309
28401
28413
28486
28586
28542
28544
28501
28562
28588
28539
28622
28647
28647
28696
28671
28732
28778
28766
28806
28828
28828
28886
28883
28886
28836
28815
28911
28956
29055
29050
29070
29040
29009
29045
29089
29153
29117
29209
29291
29301
29315
29402
29420
29511
29584
29562
29546
