123
87
84
93
181
229
307
291
264
305
261
330
338
390
473
442
435
535
571
587
675
669
683
780
744
766
742
764
833
822
811
770
746
824
896
994
1024
1100
1056
1093
1056
1119
1188
1268
1311
1305
1258
1353
1374
1345
1310
1346
1406
1388
1352
1338
1296
1278
1313
1267
1318
1345
1438
1481
1504
1486
1440
1524
1580
1626
1614
1585
1578
1663
1666
1756
1852
1880
1979
2055
2153
2253
2221
2191
2236
2225
2299
2381
2347
2313
2315
2339
2296
2254
2236
2316
2318
2394
2396
2495
2532
2626
2634
2665
2674
2637
2602
2593
2589
2556
2584
2615
2593
2586
2564
2535
2507
2515
2546
2523
2523
2511
2478
2553
2615
2703
2699
2689
2698
2732
2704
2706
2675
2642
2727
2687
2718
2729
2698
2758
2822
2841
2871
2834
2785
2862
2898
2864
2837
2929
2986
2941
3027
2981
3014
3015
3101
3178
3140
3208
3277
3337
3287
3260
3322
3309
3385
3422
3495
3592
3560
3606
3560
3604
3637
3610
3630
3672
3747
3741
3726
3825
3810
3864
3953
3985
4024
3977
4028
4045
4005
4101
4121
4202
4158
4170
4260
4224
4203
4219
4285
4339
4412
4453
4457
4553
4562
4644
4673
4636
4713
4711
4784
4865
4891
4854
4859
4901
4981
5058
5099
5157
5127
5148
5223
5289
5265
5271
5303
5387
5357
5422
5412
5405
5380
5396
5477
5551
5544
5552
5601
5636
5609
5568
5551
5583
5611
5574
5633
5683
5700
5759
5755
5768
5789
5855
5863
5941
5892
5906
5969
6046
6124
6189
6140
6119
6170
6199
6196
6215
6246
6329
6396
6426
6396
6489
6544
6618
6678
6763
6737
6804
6897
6995
7029
7027
7104
7177
7162
7223
7209
7285
7344
7427
7472
7547
7597
7665
7714
7741
7777
7747
7800
7840
7821
7865
7942
8037
8055
8103
8189
8188
8266
8227
8190
8146
8168
8183
8138
8146
8199
8292
8345
8329
8333
8330
8318
8310
8401
8427
8458
8537
8524
8556
8517
8588
8650
8617
8668
8759
8738
8824
8855
8925
8884
8906
8932
8983
9083
9053
9034
9066
9161
9232
9216
9170
9264
9300
9398
9473
9536
9550
9561
9612
9666
9728
9693
9677
9723
9718
9697
9746
9784
9776
9746
9806
9885
9882
9865
9963
9967
9934
10014
10070
10075
10054
10145
10128
10087
10041
10141
10182
10197
10198
10290
10244
10280
10363
10452
10519
10533
10578
10547
10509
10477
10537
10575
10652
10683
10669
10690
10779
10747
10700
10742
10711
10714
10690
10777
10759
10721
10724
10801
10861
10823
10774
10832
10812
10867
10955
10993
11032
11116
11158
11126
11179
11207
11213
11266
11217
11293
11299
11390
11460
11471
11457
11467
11441
11395
11386
11439
11435
11407
11476
11490
11544
11631
11664
11755
11853
11830
11834
11903
11893
11878
11871
11898
11983
12080
12135
12118
12116
12201
12222
12243
12304
12270
12292
12255
12229
12242
12213
12198
12263
12270
12261
12222
12251
12309
12271
12232
12227
12312
12287
12376
12449
12476
12447
12488
12477
12465
12477
12548
12556
12590
12604
12623
12632
12684
12778
12764
12738
12759
12797
12775
12789
12868
12900
12964
13044
13098
13101
13053
13095
13063
13121
13099
13182
13261
13361
13332
13332
13420
13450
13532
13489
13460
13544
13569
13581
13625
13629
13709
13716
13813
13779
13762
13727
13751
13791
13769
13793
13790
13861
13925
13987
14084
14040
14138
14134
14226
14198
14277
14307
14386
14436
14505
14535
14581
14609
14602
14593
14628
14629
14710
14756
14721
14729
14752
14767
14785
14854
14861
14930
14904
14953
14938
14925
15017
15079
15150
15118
15204
15236
15198
15179
15242
15280
15269
15311
15286
15333
15308
15369
15353
15387
15466
15562
15613
15634
15718
15724
15753
15728
15704
15668
15696
15696
15793
15810
15827
15802
15869
15904
15984
15988
16057
16054
16113
16072
16107
16196
16170
16133
16112
16115
16189
16255
16257
16244
16270
16268
16302
16342
16338
16399
16393
16408
16402
16400
16386
16381
16409
16385
16417
16388
16352
16412
16504
16535
16540
16526
16557
16520
16506
16465
16470
16430
16426
16495
16584
16609
16559
16655
16737
16825
16869
16957
16983
17048
16999
17004
17017
17011
17044
17020
16981
16978
17027
16992
17041
17068
17086
17071
17073
17099
17102
17174
17225
17244
17255
17330
17395
17454
17521
17516
17594
17625
17694
17757
17764
17769
17840
17845
17852
17852
17869
17858
17854
17907
18004
18014
17982
18041
18048
18051
18011
18009
18072
18069
18138
18228
18202
18199
18256
18228
18266
18328
18280
18302
18396
18388
18357
18407
18386
18421
18424
18439
18504
18465
18458
18501
18601
18596
18612
18586
18545
18614
18652
18722
18788
18846
18869
18911
18959
18922
19008
19089
19099
19077
19153
19149
19134
19095
19176
19264
19263
19224
19262
19335
19327
19322
19367
19389
19485
19487
19537
19631
19691
19651
19657
19634
19706
19755
19843
19937
19927
19910
19893
19970
19963
20014
20079
20120
20190
20260
20357
20436
20439
20523
20595
20579
20586
20580
20627
20604
20617
20603
20613
20573
20672
20769
20806
20825
20783
20758
20766
20751
20744
20797
20834
20910
20933
20942
21031
21116
21171
21192
21272
21297
21311
21341
21371
21381
21444
21407
21505
21511
21472
21482
21538
21630
21644
21619
21645
21727
21790
21800
21820
21815
21859
21876
21891
21935
21993
21986
22077
22044
22002
22026
22015
22081
22086
22066
22143
22135
22211
22188
22237
22214
22313
22341
22309
22392
22474
22467
22557
22511
22469
22532
22518
22496
22576
22672
22630
22685
22742
22741
22830
22898
22948
22983
23030
22982
23036
23082
23178
23242
23334
23377
23387
23407
23479
23472
23442
23476
23515
23534
23518
23556
23619
23646
23729
23727
23803
23862
23818
23841
23871
23836
23833
23932
24002
24065
24154
24161
24237
24209
24163
24153
24235
24186
24286
24346
24360
24354
24323
24319
24410
24452
24552
24577
24659
24725
24685
24652
24739
24772
24867
24881
24877
24960
25018
25066
25164
25191
25175
25222
25285
25242
25281
25379
25393
25421
25399
25375
25412
25382
25408
25457
25431
25434
25488
25583
25562
25515
25473
25458
25504
25502
25527
25480
25503
25460
25454
25418
25480
25553
25557
25551
25619
25598
25640
25704
25654
25609
25561
25527
25591
25549
25583
25667
25643
25633
25627
25675
25632
25653
25619
25637
25735
25767
25845
25936
25998
26020
26074
26173
26165
26133
26187
26211
26193
26189
26140
26149
26193
26179
26174
26245
26239
26273
26288
26241
26218
26209
26271
26313
26356
26393
26463
26470
26541
26577
26654
26750
26731
26727
26774
26747
26807
26814
26839
26854
26862
26948
26904
26902
26953
26984
27075
27046
27072
27051
27131
27089
27162
27117
27116
27195
27204
27226
27263
27321
27284
27331
27284
27367
27368
27386
27368
27378
27380
27445
27451
27414
27370
27393
27424
27455
27439
27447
27439
27507
27596
27546
27623
27657
27614
27614
27647
27717
27702
27669
27763
27720
27737
27738
27784
27789
27878
27938
27929
27910
27984
28031
28042
28010
28011
28108
28132
28226
28228
28197
28276
28296
28311
28399
28441
28429
28464
28496
28572
28594
28559
28604
28690
28770
28855
28830
28782
28820
28875
28909
29003
29090
29089
29043
29067
29100
29160
29248
29215
29232
29293
29250
29284
29303
29335
29309
29368
29366
29337
29329
29328
29345
29315
29336
29315
29413
29382
29345
29303
29372
29415
29477
29450
29424
29399
29430
29408
29458
29509
29504
29473
29522
29477
29445
29498
29588
29672
29672
29770
29797
29820
29868
29959
29984
30006
30014
30094
30121
30165
30240
30325
30418
30420
30453
30470
30546
30596
30577
30576
30526
30570
30637
30614
30649
30731
30765
30842
30845
30866
30961
31041
31068
31052
31123
31141
31111
31096
31066
31123
31211
31247
31244
31275
31338
31394
31434
31523
31473
31515
31578
31591
31551
31521
31498
31451
31415
31375
31414
31409
31440
31426
31385
31369
31416
31469
31479
31448
31509
31535
31599
31560
31660
31643
31627
31685
31774
31783
31857
31904
31898
31912
31993
31945
32036
31988
32002
32057
32092
32191
32220
32304
32363
32379
32454
32453
32549
32578
32555
32638
32732
32803
32767
32803
32848
32903
32968
33045
33115
33175
33214
33224
33321
33408
33433
33388
33441
33395
33491
33556
33610
33701
33795
33781
33736
33836
33844
33803
33867
33876
33910
33898
33939
34022
34048
34027
34016
33980
33939
33934
33923
33953
34038
34040
34039
34099
34050
34052
34111
34146
34174
34147
34184
34251
34303
34270
34307
34294
34254
34238
34269
34224
34259
34288
34335
34341
34363
34388
34486
34501
34489
34509
34606
34685
34759
34824
34833
34806
34801
34801
34774
34724
34713
34668
34665
34720
34716
34756
34810
34864
34815
34889
34961
34974
34991
35036
35122
35158
35170
35266
35339
35428
35478
35509
35601
35575
35565
35617
35699
35787
35843
35884
35969
35939
36035
36104
36084
36088
36168
36210
36218
36250
36222
36235
36273
36228
36318
36396
36426
36431
36397
36457
36532
36516
36525
36539
36607
36578
36531
36540
36500
36450
36536
36630
36692
36696
36757
36819
36793
36743
36693
36751
36811
36833
36805
36848
36941
36975
37001
37016
37090
37125
37166
37180
37146
37220
37303
37370
