53
105
147
130
127
132
109
93
52
72
115
141
230
249
246
254
299
287
281
242
293
249
267
249
224
225
213
211
263
233
233
328
363
460
477
538
508
557
522
574
546
567
626
705
741
820
847
934
1025
1041
1018
1010
1097
1184
1179
1226
1293
1313
1286
1332
1355
1316
1300
1382
1411
1417
1456
1430
1477
1565
1662
1753
1713
1750
1823
1792
1881
1923
1937
1920
1943
1950
1930
2015
2081
2105
2186
2275
2301
2319
2315
2288
2264
2312
2376
2437
2514
2510
2462
2487
2520
2497
2516
2514
2609
2683
2698
2794
2840
2803
2850
2948
2960
3007
3060
3036
3020
2974
3059
3137
3148
3211
3165
3236
3310
3316
3327
3283
3254
3253
3326
3314
3350
3397
3401
3405
3362
3420
3412
3470
3553
3521
3525
3502
3491
3514
3536
3564
3586
3566
3548
3538
3540
3612
3649
3610
3663
3668
3732
3826
3836
3905
3972
3973
4024
4109
4180
4155
4185
4143
4120
4158
4137
4111
4163
4127
4171
4150
4139
4163
4126
4193
4217
4256
4317
4354
4377
4394
4385
4472
4546
4585
4668
4740
4759
4799
4855
4858
4932
4937
4949
5026
5007
5082
5056
5107
5078
5032
5129
5202
5228
5211
5167
5238
5283
5261
5266
5274
5371
5418
5475
5547
5559
5588
5636
5666
5617
5619
5717
5812
5877
5908
5908
5867
5846
5939
5980
6009
6020
5988
5961
6009
6022
6056
6025
6008
6080
6048
6114
6099
6134
6230
6224
6318
6418
6495
6579
6608
6585
6582
6557
6600
6553
6618
6589
6663
6665
6728
6815
6838
6889
6961
6936
6929
7019
6996
7065
7154
7209
7266
7263
7221
7242
7301
7360
7400
7444
7527
7514
7475
7541
7530
7622
7697
7667
7670
7628
7654
7684
7697
7702
7657
7735
7711
7781
7873
7832
7802
7901
7899
7966
8008
7998
7992
7964
7917
7872
7877
7945
7934
7996
8053
8149
8118
8081
8086
8102
8159
8160
8118
8140
8136
8166
8194
8267
8314
8359
8361
8407
8381
8351
8426
8430
8422
8504
8477
8508
8572
8534
8547
8512
8585
8623
8627
8682
8750
8776
8848
8859
8891
8863
8842
8798
8792
8848
8928
8918
8886
8902
8989
8942
8936
8907
8955
8983
9028
9016
9091
9092
9044
9009
9036
9080
9121
9091
9077
9107
9066
9104
9178
9238
9214
9170
9151
9146
9172
9203
9199
9256
9230
9219
9173
9197
9154
9152
9147
9234
9184
9147
9103
9129
9174
9224
9310
9390
9380
9356
9315
9352
9305
9376
9435
9457
9512
9513
9514
9569
9548
9634
9733
9783
9836
9898
9945
9949
9913
9873
9886
9891
9956
9987
10062
10041
10050
10048
10133
10093
10100
10125
10160
10201
10233
10248
10291
10368
10328
10346
10395
10347
10413
10416
10502
10600
10644
10644
10662
10756
10794
10790
10753
10769
10748
10830
10864
10949
10952
10918
10908
10871
10831
10855
10892
10989
11070
11151
11124
11149
11212
11255
11294
11380
11457
11407
11467
11476
11543
11525
11622
11702
11793
11777
11797
11867
11928
12008
12047
12038
12111
12131
12229
12282
12256
12311
12317
12409
12366
12397
12432
12384
12463
12546
12583
12534
12494
12466
12432
12495
12592
12689
12678
12727
12694
12686
12636
12724
12767
12842
12825
12808
12868
12962
12953
13051
13121
13125
13170
13234
13260
13269
13340
13371
13331
13410
13508
13471
13507
13491
13519
13484
13467
13443
13542
13522
13478
13436
13520
13505
13549
13598
13584
13651
13638
13590
13661
13616
13692
13761
13796
13805
13843
13910
13990
14059
14045
14083
14035
14096
14102
14124
14140
14097
14140
14157
14151
14187
14265
14303
14343
14298
14344
14389
14408
14384
14477
14522
14540
14596
14614
14630
14641
14669
14753
14757
14833
14796
14759
14761
14848
14821
14890
14947
15033
15111
15162
15257
15301
15255
15295
15352
15310
15294
15298
15349
15349
15387
15424
15433
15407
15406
15435
15495
15506
15589
15580
15602
15562
15649
15628
15640
15673
15676
15756
15762
15722
15776
15816
15820
15791
15879
15939
15967
15937
15895
15931
15950
15958
15964
15962
16014
16084
16041
16034
16096
16069
16056
16079
16112
16080
16071
16134
16178
16164
16200
16182
16260
16249
16326
16286
16236
16282
16375
16325
16348
16404
16357
16335
16376
16406
16368
16464
16509
16572
16592
16690
16709
16690
16713
16772
16796
16784
16788
16786
16875
16898
16864
16856
16869
16821
16805
16773
16737
16800
16754
16825
16895
16975
17064
17067
17092
17045
17087
17053
17114
17132
17137
17232
17251
17267
17256
17275
17361
17454
17438
17438
17420
17434
17527
17594
17652
17748
17784
17785
17808
17764
17812
17875
17876
17907
17904
17900
17974
18051
18108
18176
18181
18213
18208
18218
18201
18256
18274
18337
18429
18393
18452
18480
18563
18633
18684
18636
18718
18668
18720
18803
18762
18824
18924
18919
18943
19026
19028
19012
19005
19063
19136
19149
19157
19232
19240
19234
19297
19316
19385
19464
19522
19539
19627
19588
19662
19761
19741
19816
19854
19898
19854
19911
19928
19890
19844
19859
19931
19960
20058
20032
19983
20015
19984
20053
20131
20163
20184
20243
20320
20396
20387
20390
20403
20503
20563
20522
20585
20680
20764
20861
20923
20969
20931
21031
21107
21092
21190
21192
21258
21226
21279
21241
21194
21189
21193
21204
21179
21212
21217
21269
21255
21225
21275
21312
21274
21347
21332
21389
21448
21512
21470
21539
21554
21577
21559
21582
21644
21639
21642
21708
21710
21763
21728
21786
21752
21840
21883
21981
22040
22071
22113
22119
22120
22138
22113
22080
22091
22119
22070
22082
22041
22085
22130
22131
22083
22039
21999
22077
22086
22072
22113
22154
22175
22181
22211
22217
22177
22207
22279
22294
22325
22384
22478
22509
22513
22548
22625
22692
22742
22811
22840
22890
22859
22817
22778
22732
22718
22779
22811
22786
22872
22961
23005
23010
23063
23067
23080
23180
23270
23360
23417
23475
23468
23541
23600
23699
23660
23696
23685
23649
23644
23732
23725
23710
23768
23828
23856
23832
23817
23774
23757
23740
23717
23675
23657
23747
23777
23790
23878
23959
23966
24005
23974
23995
24035
24027
24034
24004
24008
24002
23974
23997
24054
24009
24094
24142
24125
24159
24231
24278
24293
24273
24273
24283
24265
24327
24423
24405
24485
24485
24482
24513
24596
24585
24645
24648
24662
24728
24792
24772
24848
24892
24987
24977
24938
24997
25014
25032
25088
25098
25151
25146
25154
25221
25305
25391
25441
25418
25373
25468
25459
25548
25548
25638
25602
25688
25694
25709
25736
25778
25749
25844
25932
25951
25976
25936
25957
25929
25892
25880
25956
26036
26051
26016
25989
26086
26164
26148
26202
26280
26242
26288
26338
26305
26283
26349
26373
26402
26401
26388
26338
26349
26378
26379
26461
26534
26629
26668
26717
26737
26802
26810
26760
26780
26744
26751
26730
26728
26786
26884
26954
26995
27061
27121
27087
27121
27170
27231
27286
27332
27403
27460
27452
27469
27442
27442
27539
27517
27520
27488
27536
27570
27581
27566
27574
27568
27642
27665
27658
27751
27723
27787
27779
27786
27764
27730
27742
27732
27806
27779
27842
27868
27934
27887
27840
27888
27846
27942
28023
28005
28065
28021
28014
28010
28017
28054
28106
28125
28114
28151
