53
133
211
192
152
210
192
287
285
306
395
431
403
426
462
430
518
514
605
572
539
577
669
704
795
888
964
1003
955
1009
992
950
946
1008
982
981
1080
1080
1049
1109
1092
1121
1198
1280
1316
1360
1431
1464
1506
1479
1494
1576
1605
1598
1656
1737
1821
1889
1878
1920
1972
1947
1990
2013
1973
2005
2043
2024
2019
2028
2116
2118
2210
2230
2251
2324
2319
2397
2422
2493
2450
2446
2474
2455
2447
2415
2425
2399
2443
2521
2490
2497
2594
2601
2635
2654
2743
2759
2855
2953
2925
2978
2957
3040
3037
3001
3044
2995
2998
2965
3003
3082
3068
3103
3061
3040
3102
3195
3275
3239
3298
3274
3319
3419
3431
3528
3594
3568
3573
3608
3638
3736
3722
3797
3757
3817
3802
3876
3869
3888
3843
3912
3868
3876
3937
3938
4028
4040
4083
4051
4028
3985
3976
4058
4071
4039
4116
4206
4246
4343
4346
4312
4263
4302
4258
4211
4212
4307
4270
4330
4313
4277
4280
4246
4331
4397
4363
4336
4310
4328
4401
4486
4468
4509
4565
4605
4600
4694
4771
4865
4924
4950
4929
5007
5089
5158
5226
5260
5336
5291
5311
5396
5450
5423
5448
5545
5497
5511
5514
5480
5522
5507
5478
5451
5540
5590
5669
5685
5757
5744
5843
5795
5887
5985
6052
6052
6063
6128
6136
6117
6148
6137
6236
6257
6267
6231
6310
6368
6336
6394
6400
6426
6464
6446
6438
6440
6529
6598
6663
6745
6733
6702
6678
6643
6693
6696
6786
6872
6872
6948
7006
6963
6941
6999
7037
7037
7007
7012
7072
7115
7151
7101
7144
7108
7176
7171
7232
7214
7204
7223
7274
7368
7465
7468
7428
7528
7503
7493
7555
7618
7650
7707
7724
7720
7799
7875
7874
7910
7948
7983
7950
7918
7998
7971
8064
8122
8129
8125
8127
8109
8199
8264
8298
8333
8429
8510
8505
8559
8638
8651
8698
8761
8773
8785
8757
8786
8745
8736
8735
8697
8706
8716
8754
8761
8810
8775
8794
8776
8829
8806
8876
8944
8897
8913
8910
8870
8904
8991
9072
9154
9211
9177
9231
9309
9365
9355
9447
9530
9527
9488
9497
9448
9470
9544
9577
9663
9627
9618
9579
9665
9633
9717
9808
9795
9826
9865
9820
9896
9896
9957
9918
9932
9947
10008
10031
10096
10088
10042
10025
9998
10069
10109
10093
10119
10076
10148
10110
10174
10217
10266
10348
10346
10317
10367
10367
10386
10470
10436
10522
10514
10517
10521
10499
10576
10625
10676
10672
10679
10667
10675
10636
10652
10654
10729
10789
10741
10691
10706
10735
10758
10751
10749
10720
10791
10745
10785
10768
10808
10833
10821
10903
10881
10930
10968
10986
11070
11142
11158
11198
11212
11246
11224
11253
11302
11336
11314
11266
11333
11390
11442
11503
11515
11593
11556
11634
11646
11620
11673
11711
11802
11884
11876
11918
11923
11889
11875
11952
11934
11910
12003
12052
12089
12092
12046
12058
12114
12158
12167
12249
12238
12307
12360
12346
12397
12398
12413
12370
12415
12412
12412
12473
12524
12535
12567
12517
12552
12523
12562
12576
12637
12618
12648
12620
12642
12646
12705
12708
12784
12758
12741
12804
12762
12738
12741
12699
12766
12785
12746
12786
12856
12868
12866
12857
12809
12830
12894
12894
12975
12969
12958
12937
12977
13024
13060
13099
13129
13174
13264
13328
13278
13307
13276
13268
13280
13353
13320
13280
13248
13255
13290
13348
13390
13473
13520
13497
13586
13675
13713
13741
13811
13810
13809
13809
13896
13885
13897
13943
14014
14016
14106
14126
14157
14220
14222
14241
14239
14190
14274
14269
14345
14345
14298
14343
14403
14449
14546
14621
14613
14658
14610
14634
14695
14712
14784
14879
14939
14993
15093
15056
15031
15006
15031
15001
15048
15018
14980
15010
15065
15073
15098
15188
15284
15323
15422
15383
15444
15426
15483
15535
15624
15691
15689
15768
15837
15821
15859
15915
15918
15939
16002
15953
15923
15886
15982
16008
16053
16150
16134
16232
16235
16198
16254
16309
16379
16420
16480
16515
16520
16500
16480
16447
16521
16484
16581
16648
16719
16686
16785
16821
16911
16872
16841
16899
16990
16971
16976
16945
16971
17065
17153
17245
17201
17292
17303
17386
17377
17335
17349
17350
17394
17372
17407
17360
17343
17420
17384
17414
17399
17422
17452
17541
17497
17591
17542
17625
17674
17703
17742
17757
17807
17849
17911
17992
17983
18035
18078
18142
18193
18152
18109
18143
18184
18275
18307
18260
18267
18228
18286
18261
18229
18325
18369
18450
18457
18475
18425
18386
18486
18572
18659
18719
18684
18665
18759
18764
18802
18876
18966
18920
18962
18994
19065
19059
19032
19053
19098
19184
19194
19192
19286
19303
19390
19387
19460
19550
19531
19613
19702
19797
19794
19792
19873
19953
19995
20014
20043
20105
20119
20216
20299
20385
20375
20336
20341
20435
20506
20497
20486
20558
20584
20639
20638
20723
20762
20844
20856
20899
20899
20970
20961
21029
21129
21180
21189
21145
21183
21176
21152
21119
21191
21157
21158
21116
21114
21204
21245
21235
21281
21344
21442
21514
21509
21589
21613
21575
21644
21741
21744
21808
21891
21890
21867
21927
21948
21935
21891
21878
21877
21936
21954
21905
21950
22033
22114
22115
22093
22056
22030
22099
22119
22128
22120
22151
22197
22237
22277
22300
22390
22440
22398
22431
22451
22541
22577
22597
22693
22716
22731
22783
22829
22885
22981
22947
22988
23047
23131
23113
23115
23088
23155
23203
23167
23254
23234
23322
23291
23385
23460
23455
23508
23545
23569
23663
23641
23637
23695
23747
23701
23776
23732
23760
23746
23844
23879
23858
23927
23993
23982
23947
23921
23936
23958
23998
24059
24089
24102
24175
24162
24145
24196
24201
24194
24178
24266
24350
24352
24429
24470
24439
24480
24535
24571
24533
24563
24643
24684
24742
24723
24766
24843
24833
24929
24890
24973
24932
24978
25056
25108
25081
25141
25149
25121
25187
25216
25286
25313
25348
25393
25425
25512
25584
25583
25546
25623
25598
25622
25619
25651
25625
25661
25739
25767
25798
25865
25906
25863
25834
25901
25920
26001
25979
26041
26121
26204
26273
26328
26398
26348
26379
26347
26327
26358
26407
26378
26432
26457
26497
26564
26531
26628
26586
26647
26716
26811
26826
26823
26907
26990
27051
27084
27106
27147
27169
27252
27241
27255
27250
27291
27266
27220
27255
27335
27307
27264
27215
27175
27155
27216
27229
27318
27336
27300
27357
27399
27442
27509
27496
27463
27465
27501
27594
27646
27711
27756
27806
27816
27784
27823
27782
27752
27799
27831
27857
27920
27996
28057
28020
27994
28029
28088
28061
28051
28040
28134
28159
28168
28132
28125
28192
28153
28119
28095
28112
28151
28117
28150
28106
28068
28154
28163
28183
28275
28261
28304
28357
28397
28457
28418
28368
28453
28538
28519
28595
28690
28692
28702
28737
28765
28852
28854
28830
28799
28789
28754
28846
28878
28947
28977
28957
28941
29038
29085
29181
29178
29205
29214
29265
29309
29379
29445
29421
29475
29502
29569
29558
29545
29511
29551
29651
29620
29632
29676
29642
29726
29750
29786
29819
29883
29854
29906
29990
29940
30010
30022
30047
30121
30187
30278
30314
30412
30472
30522
30580
30541
30500
30464
30467
30550
30536
30494
30556
30603
30557
30510
30470
30548
30546
30592
30681
30756
30847
30909
30874
30953
31028
31012
31105
31169
31181
31220
31174
31183
31169
31180
31275
31259
31333
31419
31453
31439
31521
31602
31569
31607
31650
31606
31565
31547
31561
31586
31561
31561
31567
31531
31529
31549
31543
31503
31468
31552
31574
31663
31615
31666
31672
31654
31742
31693
31700
31791
31808
31762
31754
31759
31833
31829
31836
31869
31832
31891
31884
31967
32059
32033
32126
32140
32139
32122
32076
32099
32159
32224
32182
32169
32225
32293
32271
32367
32373
32427
32496
32454
32547
32504
32508
32545
32508
32551
32612
32601
32630
32708
32742
32801
32875
32869
32899
32849
32949
32970
32949
32971
32973
33009
33011
33105
33120
33124
33098
33147
33104
33069
33028
33039
33010
33046
33029
33015
33110
33188
33235
33261
33325
33309
33324
33294
33271
33273
33279
33309
33368
33359
33428
33396
33435
33402
33357
33379
33338
33291
33274
33367
33366
33459
33481
33434
33531
33502
33497
33528
33506
33516
33550
33620
33570
33601
33562
33582
33599
33574
33568
33549
33544
33576
33570
33638
33654
33689
33668
33627
33630
33657
33685
33759
33779
33791
33832
33926
33964
33931
33994
33997
34086
34155
34109
34200
34252
34264
34309
34398
34462
34541
34522
34536
34575
34536
34555
34651
34653
34721
34802
34856
34822
34790
34887
34891
34906
34976
35016
35015
35044
35004
35041
35049
35027
35052
35015
35012
35060
35064
35116
35088
35138
35226
35220
35226
35185
35270
35297
35263
35361
35376
35396
35442
35446
35418
35489
35510
35559
35656
35658
35693
35765
35831
35872
35936
35893
35849
35871
35862
35949
35956
36032
36124
36143
36148
36165
36192
36153
36249
36275
36273
36327
36307
36405
36441
36449
36434
36386
36389
36457
36500
36547
36547
36615
36637
36707
36677
36680
36691
36729
36784
36817
36797
36870
36879
36898
36960
36933
36975
37065
37155
37185
37202
37275
37281
37346
37409
37462
37424
37483
37582
37659
37663
37728
37691
37754
37798
37827
37909
37980
37951
37990
37955
37981
37999
38054
38123
38073
38057
38124
38094
38122
38144
38135
38229
38245
38320
38316
38358
38456
38555
38563
38518
38468
38532
38613
38704
38735
38788
38789
38815
38819
38885
38881
38855
38935
38987
39039
39029
39081
39072
39041
39140
39102
39136
39109
39107
39186
39170
39208
39179
39182
39197
39252
39333
39375
39390
39425
39426
39403
39455
39417
39486
39515
39534
39581
39615
39598
39560
39587
39550
39611
39655
39736
39803
39784
39757
39748
39785
39792
39794
39782
39878
39949
39950
39934
39952
40051
40053
40034
40017
40089
40044
40094
40187
40148
40181
40173
40138
40177
40146
40231
40299
40358
40380
40362
40383
40450
40484
40463
40530
40574
40607
40617
40579
40614
40667
40633
40599
40660
40630
40725
40754
40770
40794
40840
40907
40989
41062
41125
41146
41188
41284
41263
41252
41340
41343
41393
41429
41516
41484
41534
41506
41548
41617
41637
41698
41714
41686
41638
41617
41608
41581
41610
41610
41575
41527
41496
41565
41613
41680
41691
41644
41623
41576
41621
41633
41628
41639
41723
41680
41675
41716
41668
41642
41694
41758
41734
41762
41842
41861
41907
41966
42039
41993
41972
41952
41942
41968
42028
42055
42061
42067
42093
42154
42145
42184
42183
42233
42260
42249
42321
42283
42364
42432
42421
42372
42452
42452
42422
42438
42528
42615
42616
42597
42579
42610
42600
42694
42766
42768
42743
42842
42913
42907
42980
43021
43001
42986
43033
42994
42967
42958
42933
42902
42932
42936
42931
43017
43107
43134
43147
43236
43249
43204
43304
43385
43421
43457
43483
43525
43619
43599
43674
43733
43711
43700
43738
43735
43731
43709
43746
43733
43702
43710
43682
43781
43774
43854
43840
43793
43750
43719
43750
43701
43665
43641
43718
43724
43773
43848
43893
43903
43952
44011
43969
44033
44072
44045
44129
44209
44165
44151
44175
44141
44209
44191
44216
44176
44197
44147
44099
44163
44207
44268
44249
44263
44226
44290
44262
44346
44387
44482
44510
44498
44582
44676
44757
44852
44889
44980
45033
45062
45086
45081
45055
45028
45093
45144
45189
45237
45323
45406
45370
45405
45502
45555
45511
