101
197
209
271
274
350
391
389
378
368
457
518
557
556
617
704
777
849
886
895
981
986
1032
1042
1135
1129
1150
1126
1189
1263
1304
1370
1444
1423
1481
1462
1446
1456
1515
1490
1565
1665
1721
1759
1781
1770
1866
1956
1916
2009
2037
2033
2057
2026
2117
2159
2125
2097
2168
2264
2223
2225
2222
2219
2272
2275
2234
2270
2318
2392
2416
2439
2423
2505
2600
2659
2751
2786
2841
2864
2866
2936
3025
2975
3006
3043
3008
2977
3050
3089
3073
3117
3107
3193
3172
3164
3201
3261
3260
3241
3302
3392
3347
3436
3478
3549
3519
3511
3546
3624
3630
3710
3718
3783
3869
3856
3934
3925
3885
3914
3899
3886
3957
3955
4042
4029
4107
4162
4153
4253
4313
4292
4247
4212
4168
4121
4115
4112
4119
4171
4240
4285
4331
4420
4491
4494
4463
4558
4532
4621
4619
4603
4554
4569
4548
4556
4653
4673
4671
4688
4681
4748
4701
4744
4798
4812
4787
4758
4738
4798
4764
4806
4792
4851
4885
4916
4992
4952
5049
5117
5151
5212
5282
5282
5302
5320
5305
5300
5268
5235
5195
5243
5309
5350
5439
5439
5412
5441
5409
5443
5467
5465
5432
5475
5463
5519
5541
5530
5613
5665
5708
5796
5861
5895
5974
5927
5927
6008
6108
6093
6145
6159
6190
6229
6215
6306
6304
6262
6276
6253
6253
6245
6307
6349
6300
6400
6437
6429
6467
6561
6555
6535
6622
6670
6765
6770
6809
6827
6834
6844
6877
6972
7000
7076
7096
7173
7237
7252
7287
7324
7410
7385
7414
7505
7537
7612
7587
7649
7729
7814
7792
7810
7893
7860
7907
7974
7935
8023
8112
8201
8285
8324
8340
8426
8468
8423
8504
8519
8544
8601
8605
8605
8586
8588
8624
8613
8671
8676
8633
8727
8767
8795
8764
8717
8701
8663
8622
8593
8639
8656
8739
8783
8848
8944
9034
9007
9084
9138
9149
9189
9274
9310
9307
9372
9415
9384
9416
9480
9578
9667
9662
9700
9660
9752
9744
9784
9749
9788
9815
9803
9869
9884
9960
9916
9896
9872
9843
9828
9785
9848
9915
9994
9953
9983
10074
10063
10063
10019
10029
9997
9984
10049
10145
10237
10337
10342
10322
10414
10370
10422
10409
10377
10415
10441
10481
10551
10589
10552
10553
10548
10581
10656
10734
10821
10889
10960
11049
11008
10986
10972
10956
11052
11089
11145
11187
11272
11224
11274
11311
11405
11490
11486
11455
11455
11409
11373
11364
11381
11475
11486
11440
11540
11610
11683
11700
11751
11789
11842
11823
11790
11872
11957
11941
11925
11991
12049
12053
12095
12158
12118
12156
12192
12182
12234
12229
12292
12370
12420
12385
12357
12399
12364
12333
12368
12462
12446
12504
12465
12428
12488
12474
12560
12573
12526
12520
12566
12578
12671
12720
12795
12859
12917
12933
12968
13037
13048
13141
13153
13104
13057
13063
13160
13229
13245
13339
13377
13337
13431
13498
13566
13580
13650
13700
13781
13814
13802
13794
13755
13723
13698
13725
13784
13777
13739
13784
13777
13840
13813
13860
13879
13869
13965
13984
14080
14071
14152
14133
14220
14211
14192
14237
14317
14303
14367
14339
14410
14449
14478
14522
14551
14607
14621
14582
14546
14636
14634
14701
14734
14752
14757
14721
14798
14865
14815
14858
14944
14911
14988
15076
15134
15095
15184
15232
15210
15239
15323
15403
15477
15526
15566
15531
15524
15609
15651
15621
15643
15598
15641
15683
15635
15585
15585
15621
15641
15640
15663
15626
15615
15601
15596
15590
15619
15664
15736
15687
15677
15687
15712
15698
15796
15853
15914
15942
15964
16060
16028
16083
16154
16244
16309
16384
16448
16545
16600
16578
16579
16548
16579
16635
16703
16683
16705
16794
16797
16828
16795
16818
16821
16820
16784
16829
16913
16974
17034
17063
17123
17079
17067
17059
17132
17125
17100
17146
17232
17271
17358
17356
17316
17369
17370
17470
17427
17452
17419
17379
17336
17300
17382
17429
17469
17464
17501
17581
17642
17696
17718
17787
17868
17918
17968
18044
18057
18105
18179
18176
18209
18250
18309
18319
18408
18415
18426
18450
18522
18480
18563
18663
18648
18739
18707
18696
18760
18804
18904
18973
19047
19038
19029
19043
18993
19070
19084
19138
19100
19091
19157
19122
19176
19166
19123
19130
19168
19184
19280
19292
19314
19391
19407
19410
19469
19476
19477
19525
19618
19666
19616
19668
19644
19653
19733
19735
19778
19870
19868
19872
19927
19950
19944
19999
19973
20044
20112
20107
20074
20037
20106
20104
20136
20106
20137
20112
20162
20195
20149
20160
20196
20153
20165
20187
20258
20227
20293
20270
20346
20438
20450
20429
20401
20460
20483
20576
20588
20680
20660
20684
20649
20634
20725
20731
20750
20829
20832
20793
20849
20911
20967
21024
21051
21136
21145
21185
21274
21309
21280
21340
21403
21426
21478
21561
21646
21600
21662
21754
21798
21768
21763
21861
21873
21964
21917
22011
22079
22177
22232
22297
22305
22310
22388
22459
22524
22515
22495
22588
22657
22612
22664
22686
22773
22754
22844
22883
22873
22850
22880
22944
23012
23000
22960
22931
22924
22875
22926
22946
23005
22990
23019
23104
23109
23106
23069
23042
23094
23081
23087
23104
23175
23228
23190
23248
23285
23290
23321
23326
23292
23317
23287
23260
23269
23300
23344
23366
23459
23423
23495
23505
23576
23576
23629
23632
23712
23812
23785
23775
23806
23829
23850
23838
23913
23953
24028
24061
24090
24143
24216
24237
24233
24256
24292
24371
24409
24436
24513
24524
24489
24456
24482
24475
24516
24519
24539
24562
24590
24571
24560
24602
24565
24523
24501
24522
24604
24593
24631
24700
24721
24739
24815
24893
24963
24923
25012
25010
24993
24953
24933
25032
25027
25041
25107
25089
25116
25143
25192
25259
25210
25172
25147
25122
25168
25173
25232
25328
25371
25428
25402
25422
25481
25457
25530
25602
25676
25754
25756
25776
25752
25769
25815
25901
25852
25817
25773
25832
25899
25877
25878
25939
26037
26040
26086
26183
26242
26292
26269
26260
26218
26285
26244
26333
26390
26363
26323
26333
26386
26431
26396
26432
26396
26396
26350
26366
26369
26415
26433
26400
26448
26407
26379
26407
26458
26537
26557
26617
26657
26663
26634
26699
26726
26815
26780
26742
26734
26768
26730
26821
26914
26954
27047
27011
27064
27024
27112
27111
27193
27184
27167
27244
27219
27251
27326
27414
27445
27521
27488
27559
27594
27669
27644
27711
27665
27678
27735
27723
27816
27805
27775
27772
27774
27761
27713
27721
27732
27809
27906
27885
27969
27938
27938
28000
28051
28029
28061
28126
28126
28135
28222
28189
28270
28249
28202
28262
28245
28245
28282
28355
28393
28368
28386
28410
28509
28542
28547
28640
28608
28617
28653
28726
28715
28747
28843
28931
28970
29015
29047
29030
29030
29063
29036
29109
29144
29217
29198
29188
29268
29336
29393
29351
29434
29397
29496
29454
29439
29401
29484
29457
29557
29638
29715
29814
29832
29825
29853
29834
29876
29965
29979
30017
30089
30152
30138
30194
30192
30278
30327
30294
30353
30375
30418
30368
30463
30506
30489
30448
30521
30574
30581
30638
30655
30608
30653
30693
30768
30841
30915
30951
31031
31044
31110
31208
31191
31256
31351
31351
31368
31381
31380
31360
31455
31469
31510
31600
31600
31627
31670
31769
31855
31832
31808
31808
31904
31891
31973
31934
31917
31876
31858
31809
31866
31915
31871
31833
31873
31909
31925
31967
31928
31985
32018
32073
32083
32156
32210
32248
32332
32358
32317
32389
32447
32525
32494
32500
32552
32626
32717
32756
32825
32895
32895
32941
32894
32994
33048
33012
33100
33150
33239
33229
33306
33256
33289
33359
33449
33529
33566
33629
33600
33569
33662
33749
33744
33735
33736
33781
33809
33832
33908
33936
33905
33988
34059
34112
34100
34128
34126
34111
34150
34102
34161
34156
34201
34195
34218
34172
34270
34365
34433
34475
34437
34435
34424
34500
34530
34626
34587
34673
34645
34703
34677
34728
34808
34836
34932
34975
34968
34959
35059
35087
35047
35059
35058
35012
35093
35193
35223
35210
35298
35373
35435
35501
35600
35638
35727
35790
35820
35853
35853
35943
35975
35952
36032
36054
36118
36112
36157
36224
36315
36290
36269
36225
36255
36208
36180
36251
36263
36312
36297
36366
36380
36392
36408
36435
36385
36480
36544
36587
36576
36655
36681
36709
36773
36744
36812
36769
36810
36801
36842
36935
36956
36987
37056
37030
37007
37047
37004
36975
36969
37014
37101
37119
37145
37218
37263
37283
37270
37288
37343
37312
37397
37380
37403
37440
37496
37571
37599
37658
37708
37768
37862
37876
37830
37903
37882
37943
38038
38098
38155
38237
38270
38304
38271
38350
38382
38474
38533
38605
38636
38615
38583
38622
38581
38680
38713
38701
38687
38720
38690
38678
38654
38668
38731
38795
38868
38945
38933
38974
38966
38994
39078
39165
39141
39203
39225
39192
39151
39158
39159
39242
39206
39253
39333
39283
39248
39264
39289
39347
39430
39474
39476
39556
39581
39613
39676
39736
39797
39756
39798
39798
39798
39878
39977
39974
39975
40045
40055
40067
40110
40177
40213
40204
40160
40222
40251
40239
40329
40286
40296
40255
40223
40238
40323
40420
40511
40508
40553
40510
40609
40639
40724
40767
40717
40764
40857
40923
40886
40983
41046
41108
41089
41139
41166
41210
41239
41299
41273
41228
41229
41303
41349
41384
41396
41428
41393
41439
41535
41618
41569
41591
41625
41577
41598
41587
41558
41643
41635
41605
41626
41714
41748
41718
41808
41760
41830
41840
41832
41806
41877
41930
41905
41963
41976
42065
42139
42114
42065
42126
42220
42207
42193
42280
42246
42318
42363
42391
42426
42426
