106
194
245
272
341
392
478
517
569
631
720
723
679
698
695
651
637
667
735
762
734
756
786
832
793
746
722
776
868
834
789
872
900
964
1015
993
1057
1011
1027
1054
1066
1073
1038
1057
1147
1119
1157
1230
1243
1241
1319
1302
1344
1318
1352
1441
1484
1565
1626
1709
1761
1764
1790
1774
1863
1924
1974
2030
2117
2095
2116
2191
2238
2302
2397
2449
2469
2517
2596
2584
2562
2647
2661
2611
2674
2753
2714
2734
2767
2749
2703
2724
2723
2812
2849
2877
2923
2941
2988
2988
2966
2987
2986
3011
3080
3132
3206
3242
3273
3284
3268
3301
3282
3354
3357
3439
3517
3481
3446
3426
3486
3546
3597
3671
3756
3765
3860
3929
4011
4024
4029
4043
4020
4034
3994
4042
4096
4129
4155
4236
4189
4262
4340
4389
4416
4428
4417
4516
4611
4707
4672
4692
4760
4775
4740
4775
4730
4776
4793
4762
4810
4828
4838
4789
4781
4847
4809
4800
4899
4967
4958
4943
5019
4995
5029
5074
5084
5102
5066
5109
5097
5124
5189
5165
5242
5256
5338
5293
5290
5277
5251
5207
5216
5299
5325
5281
5268
5336
5310
5330
5400
5446
5467
5481
5442
5447
5514
5550
5608
5598
5620
5646
5700
5711
5778
5849
5896
5884
5957
5927
5878
5959
5913
5992
6041
6085
6153
6141
6108
6150
6157
6176
6179
6163
6116
6173
6270
6220
6240
6238
6272
6261
6287
6373
6367
6399
6349
6409
6369
6400
6433
6394
6381
6356
6374
6459
6448
6402
6369
6364
6399
6439
6410
6382
6351
6313
6413
6490
6562
6527
6563
6549
6510
6484
6482
6477
6440
6525
6510
6476
6526
6510
6565
6555
6605
6639
6711
6667
6740
6742
6788
6829
6880
6941
7011
7086
7128
7181
7279
7263
7278
7347
7408
7412
7453
7490
7465
7483
7504
7538
7618
7689
7718
7808
7880
7892
7844
7904
7968
7976
8007
8035
8075
8169
8161
8128
8219
8238
8256
8330
8366
8440
8469
8489
8536
8522
8493
8534
8490
8527
8621
8582
8559
8646
8706
8697
8755
8744
8808
8803
8759
8807
8772
8746
8740
8824
8893
8950
8919
8962
8937
8974
8996
8991
9005
9039
9056
9135
9167
9145
9102
9135
9210
9224
9205
9194
9250
9235
9204
9276
9324
9386
9431
9409
9468
9563
9652
9722
9811
9831
9918
9887
9870
9870
9898
9952
10026
10095
10062
10058
10115
10067
10062
10086
10167
10164
10242
10323
10314
10360
10380
10459
10554
10509
10534
10555
10608
10586
10660
10730
10685
10662
10708
10700
10792
10783
10859
10874
10857
10938
10903
10881
10878
10873
10923
11022
10981
10967
11021
11082
11168
11254
11327
11400
11459
11422
11419
11387
11460
11524
11592
11625
11703
11761
11713
11711
11753
11748
11754
11761
11831
11909
11934
11923
11879
11840
11840
11907
11969
11994
11947
12005
12075
12086
12096
12196
12262
12283
12379
12397
12469
12509
12549
12515
12516
12488
12470
12493
12479
12542
12564
12646
12654
12686
12651
12683
12660
12622
12626
12678
12666
12732
12821
12796
12877
12936
12923
12975
12987
13072
13105
13164
13253
13235
13290
13389
13482
13575
13551
13603
13604
13609
13705
13797
13822
13890
13945
14021
14069
14133
14197
14239
14189
14208
14209
14256
14255
14248
14325
14318
14342
14296
14271
14341
14406
14396
14468
14529
14604
14673
14699
14716
14726
14720
14743
14805
14883
14876
14839
14885
14870
14820
14858
14842
14824
14832
14829
14917
14917
14991
14969
15023
15013
14972
15011
15081
15059
15066
15158
15176
15126
15179
15196
15293
15247
15236
15218
15309
15262
15361
15331
15344
15395
15391
15385
15419
15459
15559
15510
15584
15566
15560
15561
15518
15618
15587
15644
15679
15759
15828
15918
16010
16017
16029
16038
16057
16088
16117
16122
16215
16255
16210
16184
16134
16086
16041
16089
16073
16050
16011
16002
16078
16169
16233
16329
16404
16481
16519
16525
16482
16532
16517
16493
16546
16622
16694
16766
16844
16887
16894
16891
16870
16836
16865
16935
16958
16939
16898
16864
16923
17022
17080
17173
17178
17238
17278
17295
17293
17257
17223
17321
17299
17318
17268
17357
17430
17518
17590
17544
17521
17556
17546
17635
17588
17615
17646
17636
17620
17590
17573
17572
17651
17639
17625
17636
17688
17739
17838
17826
17801
17779
17808
17772
17853
17833
17795
17837
17795
17810
17760
17792
17756
17740
17813
17881
17917
17934
17937
18035
18107
18153
18110
18079
18080
18127
18200
18228
18328
18312
18274
18374
18370
18352
18440
18521
18540
18591
18550
18569
18582
18572
18628
18694
18666
18673
18745
18703
18754
18811
18830
18801
18835
18896
18946
18965
18964
18951
18978
19000
18991
19073
19135
19198
19154
19181
19192
19217
19251
19216
19246
19265
19272
19241
19247
19255
19260
19284
19295
19327
19306
19365
19346
19401
19462
19477
19446
19407
19400
19371
19377
19467
19424
19459
19508
19504
19572
19522
19554
19583
19620
19630
19721
19734
19815
19902
19918
19886
19869
19935
19924
20002
20036
19996
20084
20179
20163
20166
20136
20111
20170
20246
20317
20364
20339
20375
20454
20411
20465
20501
20587
20622
20646
20596
20580
20593
20626
20608
20656
20611
20677
20743
20834
20855
20851
20804
20808
20845
20826
20869
20924
20997
21000
21070
21044
21086
21088
21123
21121
21192
21287
21289
21344
21441
21423
21425
21449
21411
21492
21489
21523
21547
21630
21665
21641
21716
21704
21779
21878
21936
21950
21963
22016
22017
22048
22080
22168
22223
22201
22295
22340
22347
22313
22383
22448
22540
22630
22691
22749
22770
22858
22809
22801
22810
22874
22953
23038
23128
23183
23281
23359
23373
23420
23507
23508
23583
23648
23712
23706
23736
23737
23717
23727
23737
23756
23747
23713
23752
23784
23778
23854
23906
23928
23997
23977
23989
24058
24122
24124
24098
24105
24107
24191
24243
24322
24305
24346
24438
24416
24391
24401
24360
24405
24361
24395
24431
24422
24494
24467
24496
24525
24618
24692
24710
24748
24839
24811
24901
24912
24904
24926
24990
25021
25068
25039
25089
25112
25118
25081
25149
25124
25077
25095
25150
25184
25201
25212
25201
25237
25307
25389
25359
25374
25460
25488
25588
25617
25615
25621
25701
25658
25643
25739
25710
25792
25882
25898
25853
25850
25857
25925
26007
26025
26094
26155
26113
26174
26163
26217
26276
26319
26326
26294
26247
26322
26335
26289
26336
26362
26416
26440
26460
26544
26618
26681
26692
26711
26685
26705
26758
26801
26772
26745
26779
26763
26841
26807
26836
26849
26833
26824
26861
26861
26860
26914
26975
26932
26999
27054
27095
27119
27105
27165
27241
27328
27355
27401
27440
27510
27469
27427
27413
27377
27435
27390
27472
27474
27552
27508
27466
27447
27425
27504
27521
27471
27568
27649
27692
27767
27737
27816
27803
27779
27738
27688
27643
27654
27725
27794
27761
27767
27756
27853
27935
27901
27915
27997
28096
28180
28264
28222
28321
28367
28397
28409
28428
28474
28540
28490
28496
28473
28522
28543
28611
28655
28683
28758
28840
28895
28863
28961
29048
29041
29125
29223
29199
29162
29138
29190
29279
29289
29251
29285
29366
29350
29416
29428
29392
29429
29510
29474
29499
29504
29504
29458
29477
29502
29501
29514
29545
29496
29474
29526
29601
29620
29696
29656
29684
29640
29663
29698
29790
29752
29719
29813
29811
29853
29881
29852
29856
29827
29821
29808
29794
29760
29748
29771
29773
29762
29764
29717
29797
29822
29797
29781
29796
29757
29831
29809
29831
29865
29910
29978
29986
30084
30079
30151
30109
30117
30074
30077
30062
30041
30015
30073
30167
30148
30173
30166
30147
30244
30195
30163
30239
30222
30277
30319
30316
30326
30366
30428
30449
30411
30391
30442
30443
30475
30490
30475
30432
30492
30489
30485
30533
30545
30603
30651
30620
30583
30587
30628
30713
30677
30694
30687
30673
30722
30686
30752
30829
30871
30931
30915
30908
30877
30878
30945
31000
31023
31085
31084
31166
31205
31208
31182
31261
31243
31241
31235
31194
31274
31241
31276
31310
31392
31416
31430
31393
31403
31474
31453
31411
31411
31361
31380
31381
31447
31409
31446
31531
31580
31537
31513
31552
31647
31682
31658
31625
31612
31598
31548
31577
31598
31656
31701
31759
31825
31787
31834
31893
31953
32028
32062
32012
32039
32005
32094
32155
32202
32179
32250
32279
32353
32303
32266
32222
32208
32222
32179
32149
32176
32243
32215
32199
32182
32199
32150
32154
32165
32257
32331
32406
32358
32358
32410
32419
32518
32602
32676
32767
32728
32688
32728
32800
32897
32951
32935
32980
32979
33041
33079
33068
33121
33191
33184
33208
33188
33246
33344
33408
33495
33578
33544
33584
33601
33618
33641
33629
33698
33747
33812
33844
33829
33836
33931
33911
33928
33945
34022
34051
34001
34059
34032
34018
34080
34119
34201
34184
34251
34251
34302
34275
34289
34324
34276
34311
34370
34361
34320
34406
34468
34474
34439
34393
34346
34395
34398
34406
34471
34424
34406
34499
34464
34502
34564
34563
34602
34669
34648
34636
34637
34683
34673
34743
34781
34761
34835
34798
34818
34909
35009
34973
34935
34993
34974
34925
34985
35078
35153
35250
35212
35256
35257
35341
35400
35488
35490
35531
35552
35597
35585
35625
35709
35665
35700
35655
35661
35674
35663
35639
35669
35678
35727
35681
35661
35635
35591
35594
35647
35644
35637
35718
35702
35752
35835
35795
35750
35714
35770
35765
35793
35745
35768
35751
35851
35861
35847
35842
35851
35816
35844
35905
35889
35988
36042
36109
36104
36180
36207
36239
36237
36224
36287
36275
36366
36387
36369
36424
36388
36469
36451
36415
36383
36464
36559
36638
36646
36647
36599
36577
36595
36596
36623
36672
36668
36744
36832
36871
36955
36933
36918
36897
36932
36975
37032
37031
37048
37040
37064
37065
37020
37104
37108
37091
37108
37205
37163
37189
37264
37302
37301
37301
37351
37379
37442
37537
37490
37489
37510
37546
37542
37582
37603
37567
37588
37545
37512
37519
37520
37561
37628
37647
37628
37658
37657
37731
37805
37779
37752
37777
37805
37768
37756
37809
37897
37880
37905
37874
37955
38046
38132
38150
38133
38218
38245
38320
38358
38363
38420
38467
38444
38504
38518
38614
38633
38603
38667
38689
38757
38717
38739
38747
38817
38837
38820
38773
38867
38845
38893
38933
38883
38873
38962
38925
39020
39102
39119
39168
39225
39276
39263
39271
39313
39324
39385
39465
39512
