107
181
161
163
249
222
210
291
386
481
504
569
578
618
618
632
640
659
693
664
654
687
653
683
679
683
650
717
782
792
848
821
844
901
885
905
887
912
865
889
973
1045
1122
1137
1212
1272
1240
1261
1345
1420
1517
1505
1507
1508
1482
1453
1422
1516
1519
1494
1456
1534
1538
1560
1609
1679
1663
1616
1584
1542
1544
1603
1606
1575
1607
1614
1700
1660
1681
1733
1727
1818
1877
1848
1897
1940
1978
2076
2089
2157
2250
2301
2333
2341
2417
2438
2525
2592
2677
2661
2698
2658
2669
2656
2742
2748
2800
2813
2903
2946
2986
3069
3135
3126
3084
3048
3099
3158
3201
3184
3274
3349
3343
3293
3344
3431
3414
3407
3373
3347
3318
3346
3303
3373
3374
3332
3373
3355
3331
3375
3413
3378
3361
3328
3304
3368
3430
3518
3606
3695
3660
3626
3669
3686
3672
3763
3824
3908
3965
4047
4110
4208
4294
4373
4349
4312
4340
4307
4336
4286
4315
4402
4468
4566
4623
4685
4710
4751
4844
4798
4803
4794
4783
4780
4875
4889
4956
5050
5001
5098
5107
5175
5225
5184
5229
5219
5188
5161
5207
5192
5209
5295
5277
5273
5292
5277
5354
5355
5368
5402
5425
5378
5329
5303
5402
5399
5443
5462
5459
5427
5480
5470
5534
5618
5652
5603
5589
5620
5600
5588
5604
5560
5589
5583
5621
5620
5612
5592
5598
5656
5737
5794
5840
5838
5841
5926
5975
5973
6009
6093
6166
6207
6256
6292
6386
6393
6490
6576
6527
6519
6537
6584
6576
6533
6624
6646
6729
6820
6811
6832
6927
6961
6955
6921
6977
6943
6947
6926
6930
6937
7004
7051
7131
7111
7186
7209
7238
7337
7401
7490
7479
7573
7537
7611
7636
7628
7602
7661
7640
7605
7635
7608
7563
7516
7493
7483
7496
7531
7611
7705
7796
7862
7850
7921
8001
8041
8131
8200
8286
8238
8304
8255
8304
8400
8411
8420
8406
8373
8404
8395
8465
8416
8492
8485
8450
8437
8462
8473
8525
8500
8464
8512
8594
8573
8666
8662
8676
8636
8665
8653
8744
8745
8703
8673
8677
8767
8720
8793
8891
8852
8936
9029
9116
9104
9096
9175
9234
9303
9385
9359
9338
9377
9371
9343
9402
9432
9433
9437
9518
9539
9528
9483
9538
9574
9670
9659
9684
9737
9715
9732
9705
9672
9769
9825
9823
9912
9976
9959
10005
10097
10180
10200
10218
10241
10255
10308
10358
10376
10349
10445
10438
10395
10383
10371
10357
10391
10371
10422
10407
10369
10424
10484
10531
10619
10693
10660
10699
10744
10771
10755
10785
10782
10859
10886
10976
10958
10933
10947
10996
10965
10985
11071
11024
11082
11086
11177
11268
11266
11304
11316
11266
11266
11268
11334
11431
11491
11559
11510
11538
11628
11628
11670
11680
11681
11714
11691
11760
11736
11698
11705
11717
11724
11782
11801
11899
11879
11953
12028
11995
12006
12059
12119
12214
12236
12192
12290
12336
12377
12400
12418
12447
12506
12532
12510
12530
12501
12479
12558
12607
12661
12625
12671
12639
12600
12627
12708
12700
12768
12773
12789
12816
12791
12885
12859
12835
12889
12864
12933
12972
12937
12926
12989
13088
13096
13135
13125
13151
13149
13195
13219
13243
13309
13285
13339
13389
13412
13432
13418
13495
13583
13667
13620
13631
13680
13641
13718
13798
13858
13859
13926
13943
13972
14017
14086
14112
14203
14224
14209
14239
14220
14255
14256
14330
14362
14387
14360
14337
14292
14319
14364
14386
14360
14371
14339
14396
14423
14516
14481
14471
14559
14556
14611
14654
14695
14793
14887
14841
14801
14791
14845
14802
14883
14977
15066
15040
15133
15207
15168
15129
15111
15121
15077
15160
15171
15125
15207
15199
15258
15229
15252
15243
15225
15274
15316
15358
15377
15406
15460
15559
15582
15599
15666
15696
15752
15784
15852
15830
15804
15828
15843
15801
15758
15730
15774
15750
15796
15881
15851
15854
15860
15819
15869
15940
15951
15955
15906
15902
15952
16030
16073
16088
16058
16105
16059
16127
16105
16120
16184
16273
16254
16318
16357
16349
16399
16424
16458
16418
16513
16490
16445
16431
16502
16499
16556
16632
16598
16550
16585
16620
16660
16621
16609
16656
16625
16724
16706
16704
16801
16789
16776
16796
16766
16813
16861
16948
16923
16901
16958
16921
16924
16911
16930
16899
16934
16910
16906
16861
16842
16898
16968
16947
16972
16996
17042
17087
17138
17109
17148
17202
17226
17237
17188
17142
17186
17145
17239
17276
17374
17437
17477
17524
17598
17655
17654
17712
17805
17891
17848
17803
17783
17733
17705
17698
17676
17713
17792
17864
17869
17895
17878
17913
17919
17904
17981
17982
17971
18055
18120
18167
18122
18081
18067
18165
18159
18239
18271
18347
18318
18312
18384
18380
18351
18334
18419
18457
18440
18510
18536
18631
18626
18717
18717
18766
18787
18853
18945
19044
19030
19050
19081
19059
19043
19014
19027
19036
19110
19087
19051
19090
19145
19220
19207
19230
19182
19198
19247
19284
19313
19408
19396
19388
19456
19516
19473
19491
19518
19574
19596
19620
19624
19694
19741
19725
19747
19719
19781
19743
19791
19783
19823
19904
19933
19885
19943
19951
19967
19973
20071
20141
20218
20258
20256
20264
20348
20413
20491
20527
20544
20515
20531
20508
20542
20588
20633
20723
20703
20669
20632
20703
20709
20747
20780
20878
20883
20944
20944
20925
21022
21056
21148
21147
21166
21199
21193
21175
21259
21265
21342
21366
21368
21378
21340
21292
21258
21216
21198
21174
21249
21293
21263
21299
21376
21331
21398
21469
21564
21607
21614
21581
21649
21617
21640
21661
21671
21725
21695
21747
21708
21714
21799
21763
21818
21892
21910
21948
22025
22088
22091
22169
22257
22310
22289
22334
22342
22351
22334
22289
22387
22486
22485
22466
22522
22527
22576
22561
22517
22580
22567
22545
22586
22553
22547
22545
22645
22641
22709
22735
22794
22812
22840
22809
22845
22844
22928
22905
22931
22936
23000
23078
23061
23044
23052
23038
23020
23013
23110
23164
23196
23249
23298
23313
23296
23355
23422
23462
23423
23390
23365
23316
23385
23380
23399
23429
23389
23478
23471
23486
23544
23553
23521
23618
23605
23652
23747
23769
23817
23879
23959
24043
24142
24157
24161
24229
24277
24328
24336
24287
24352
24425
24500
24463
24418
24400
24447
24511
24575
24646
24632
24632
24641
24642
24671
24719
24701
24796
24814
24906
24943
25032
25121
25119
25195
25184
25164
25206
25159
25165
25221
25285
25299
25307
25263
25257
25298
25363
25316
25285
25322
25317
25299
25382
25412
25461
25555
25554
25514
25512
25601
25622
25680
25654
25648
25747
25845
25836
25907
25970
26058
26150
26172
26258
26214
26178
26140
26208
26190
26158
26160
26171
26215
26215
26300
26259
26263
26316
26323
26406
26379
26333
26298
26304
26363
26455
26539
26563
26514
26474
26471
26436
26518
26470
26556
26552
26624
26589
26596
26553
26626
26685
26730
26734
26795
26779
26812
26801
26853
26934
26942
26960
26949
27027
26977
26965
26927
26941
26995
26966
26976
27020
27107
27156
27193
27175
27269
27287
27249
27327
27298
27343
27359
27327
27426
27477
27561
27531
27547
27572
27548
27597
27667
27645
27686
27721
27767
27787
27791
27822
27804
27858
27825
27893
27853
27895
27900
27953
28016
28058
28071
28061
28157
28153
28189
28192
28231
28215
28232
28287
28309
28302
28397
28392
28430
28490
28505
28515
28586
28607
28622
28649
28627
28646
28680
28652
28732
28787
28762
28757
28844
28833
28899
28865
28856
28878
28913
28897
28874
28910
28982
28944
29007
29042
29037
29017
29012
28978
28969
29069
29030
29070
29073
29086
29162
29261
29328
29286
29252
29245
29307
29395
29422
29494
29569
29538
29502
29501
29549
29558
29653
29638
29591
29637
29613
29594
29553
29601
29584
29618
29628
29636
29644
29666
29712
29745
29737
29803
29866
29839
29876
29927
29988
30068
30123
30140
30129
30199
30208
30302
30381
30373
30445
30408
30371
30395
30403
30461
30491
30576
30536
30500
30595
30569
30536
30607
30683
30647
30701
30738
30816
30800
30766
30757
30716
30775
30775
30830
30795
30803
30802
30775
30872
30865
30937
30937
31022
31052
31139
31226
31187
31176
31134
31113
31128
31173
31226
31257
31222
31188
31255
31252
31352
31313
31296
31285
31351
31330
31375
31383
31439
31429
31458
31558
31534
31503
31511
31515
31500
31512
31509
31539
31577
31606
31660
31721
31812
31899
31917
31989
32063
32019
31984
32038
32096
32193
32277
32319
32376
32407
32459
32432
32471
32551
32650
32690
32708
32702
32766
32761
32839
32920
32880
32912
33012
33012
32987
32949
32945
33034
33096
33186
33268
33320
33402
33373
33424
33492
33547
33569
33640
33656
33620
33573
33583
33668
33735
33816
33860
33912
33916
33893
33914
33951
33942
33912
33947
33980
33971
34043
34041
34042
34111
34086
34044
34132
34118
34099
34105
34163
34148
34190
