109
187
252
304
278
304
376
471
460
445
521
618
605
700
791
820
802
816
823
833
922
1013
1030
990
1068
1154
1119
1181
1165
1150
1236
1245
1338
1432
1413
1384
1425
1495
1520
1614
1710
1779
1824
1864
1949
2006
1985
1936
2009
1960
1973
1964
2042
2134
2150
2193
2210
2168
2239
2270
2303
2287
2378
2447
2522
2523
2617
2588
2623
2719
2758
2711
2802
2772
2810
2762
2803
2753
2750
2708
2726
2721
2789
2882
2947
2970
2924
3023
3105
3117
3190
3141
3174
3227
3271
3301
3348
3409
3447
3473
3528
3549
3545
3575
3606
3598
3644
3694
3707
3762
3854
3813
3873
3845
3816
3788
3874
3906
4000
4092
4113
4147
4239
4235
4246
4225
4323
4344
4383
4423
4399
4475
4501
4542
4636
4687
4783
4745
4753
4823
4904
4954
5030
5122
5158
5168
5240
5198
5279
5231
5184
5271
5358
5403
5396
5370
5404
5476
5466
5437
5400
5463
5471
5513
5549
5626
5628
5701
5768
5755
5716
5698
5729
5712
5804
5887
5876
5864
5829
5918
5887
5930
6019
6114
6174
6135
6232
6208
6239
6199
6221
6314
6281
6236
6276
6282
6259
6306
6298
6259
6282
6333
6417
6387
6398
6494
6451
6478
6446
6503
6476
6566
6575
6659
6666
6712
6742
6693
6652
6742
6815
6904
6969
7032
7007
6961
6946
6983
7016
6971
6954
6970
6963
7040
7070
7098
7121
7162
7244
7220
7173
7181
7206
7264
7336
7314
7337
7388
7470
7442
7498
7451
7526
7481
7540
7633
7686
7730
7688
7754
7827
7782
7749
7734
7764
7830
7926
7972
8067
8052
8066
8099
8190
8191
8225
8189
8173
8135
8146
8214
8237
8310
8319
8383
8454
8544
8564
8537
8584
8559
8571
8610
8710
8660
8710
8677
8702
8683
8677
8757
8844
8942
8999
8979
9020
9107
9099
9125
9163
9136
9232
9306
9341
9323
9340
9400
9400
9456
9490
9529
9551
9591
9660
9755
9799
9780
9822
9808
9777
9827
9838
9896
9969
9989
9996
9959
9969
9964
10047
10079
10117
10148
10194
10236
10263
10250
10334
10423
10438
10392
10480
10445
10474
10488
10581
10613
10608
10688
10766
10822
10843
10897
10908
10950
10957
10948
11046
11070
11047
11128
11164
11219
11231
11256
11339
11334
11296
11262
11328
11322
11312
11340
11395
11423
11413
11428
11504
11544
11596
11607
11668
11684
11680
11739
11791
11742
11795
11794
11761
11715
11810
11808
11843
11861
11884
11838
11859
11953
11965
11949
12019
12013
12003
12090
12140
12181
12216
12195
12264
12287
12324
12300
12259
12321
12354
12390
12404
12458
12448
12436
12439
12405
12435
12467
12528
12529
12561
12649
12615
12653
12705
12760
12858
12844
12825
12830
12815
12845
12830
12908
12872
12917
12963
13050
13056
13126
13108
13064
13032
13120
13177
13189
13178
13178
13191
13149
13211
13291
13245
13281
13262
13323
13345
13439
13430
13511
13558
13612
13710
13758
13739
13829
13887
13987
13942
13966
14042
14088
14130
14202
14279
14362
14330
14359
14317
14286
14328
14336
14370
14375
14372
14408
14480
14509
14548
14506
14464
14515
14586
14610
14635
14644
14710
14701
14658
14728
14716
14772
14815
14834
14864
14919
14931
14977
14980
15006
15044
15068
15043
15081
15061
15147
15104
15132
15093
15189
15216
15185
15220
15225
15195
15293
15346
15312
15409
15375
15434
15389
15429
15433
15493
15469
15464
15529
15521
15509
15584
15607
15608
15569
15600
15608
15559
15607
15664
15637
15721
15705
15672
15753
15765
15854
15824
15840
15913
15953
15915
15964
16008
16017
16042
16049
16103
16161
16172
16262
16297
16276
16317
16290
16269
16308
16323
16355
16373
16434
16458
16457
16517
16610
16677
16775
16799
16782
16873
16952
16956
16968
16967
16988
17033
17046
17028
17072
17168
17254
17313
17328
17336
17426
17499
17535
17627
17639
17612
17579
17584
17549
17577
17530
17555
17623
17652
17606
17643
17651
17681
17707
17796
17774
17822
17855
17906
17947
17969
17957
18055
18128
18088
18154
18230
18273
18352
18417
18467
18484
18437
18517
18584
18672
18747
18803
18753
18757
18836
18810
18808
18896
18919
19010
19099
19092
19123
19178
19261
19211
19207
19302
19306
19257
19224
19182
19270
19265
19246
19225
19303
19395
19454
19466
19438
19428
19411
19418
19419
19510
19563
19590
19629
19698
19785
19761
19748
19814
19881
19876
19944
20029
20039
19998
20054
20013
20029
20090
20130
20112
20097
20121
20159
20122
20128
20117
20088
20066
20055
20100
20146
20182
20242
20238
20274
20281
20360
20332
20378
20372
20413
20444
20429
20387
20362
20329
20300
20333
20398
20355
20363
20398
20395
20402
20429
20395
20480
20518
20611
20607
20690
20786
20736
20765
20825
20851
20854
20936
20890
20871
20956
20913
20907
20935
20974
21062
21130
21153
21214
21166
21242
21291
21364
21314
21369
21355
21447
21398
21483
21476
21539
21603
21554
21519
21583
21613
21680
21672
21729
21808
21768
21755
21722
21705
21697
21654
21653
21745
21716
21780
21864
21877
21955
21949
22031
22083
22157
22252
22314
22405
22498
22541
22572
22533
22601
22563
22607
22597
22595
22617
22653
22703
22793
22825
22829
22837
22927
23012
23046
23142
23189
23266
23258
23345
23439
23467
23417
23411
23373
23366
23428
23520
23583
23570
23534
23543
23525
23560
23544
23581
23651
23685
23727
23695
23742
23694
23708
23721
23710
23757
23734
23808
23758
23725
23725
23690
23702
23695
23772
23750
23788
23745
23727
23684
23669
23739
23795
23866
23941
23903
23991
24075
24027
24027
24105
24114
24148
24188
24263
24223
24267
24355
24385
24409
24427
24522
24507
24538
24618
24666
24656
24730
24708
24694
24706
24773
24871
24822
24795
24837
24860
24881
24957
24987
24959
24994
24966
24999
24981
24986
25012
24980
25006
25062
25122
25173
25133
25101
25134
25168
25172
25232
25332
25384
25414
25371
25321
25331
25358
25390
25439
25401
25471
25522
25546
25572
25595
25594
25606
25596
25574
25558
25511
25584
25677
25645
25662
25747
25744
25716
25760
25745
25706
25765
25834
25907
25979
26060
26055
26030
26045
26104
26110
26177
26205
26283
26374
26361
26397
26409
26369
26368
26347
26392
26433
26516
26519
26596
26639
26739
26753
26740
26758
26840
26874
26827
26904
26928
26955
27043
27028
27079
27088
27128
27125
27081
27076
27074
27119
27090
27134
27128
27201
27295
27373
27468
27425
27445
27518
27503
27595
27629
27669
27745
27795
27752
27848
27868
27875
27959
27928
27943
28023
28034
27994
27988
28047
28021
28034
28115
28198
28200
28208
28225
28281
28295
28360
28418
28481
28444
28517
28522
28512
28504
28484
28489
28531
28487
28558
28552
28635
28607
28611
28697
28746
28715
28780
28832
28818
28871
28890
28929
28989
29012
29024
29097
29188
29145
29096
29047
29098
29062
29155
29131
29153
29217
29177
29169
29261
29352
29423
29490
29572
29590
29687
29731
29770
29730
29728
29696
29709
29776
29761
29818
29863
29930
29978
29956
29952
30036
30001
30007
30003
30070
30152
30183
30275
30331
30360
30317
30332
30388
30362
30354
30445
30494
30540
30539
30557
30585
30550
30586
30557
30639
30688
30732
30742
30797
30846
30925
30954
31029
31092
31154
31217
31252
31291
31332
31296
31378
31459
31499
31547
31515
31607
31599
31593
31645
31643
31705
31679
31697
31679
31638
31658
31670
31740
31759
31802
31769
31768
31790
31874
31868
31881
31905
31877
31839
31878
31881
31977
32071
32122
32141
32112
32137
32107
32205
32300
32262
32356
32416
32399
32465
32457
32498
32567
32577
32674
32639
32662
32644
32705
32731
32827
32866
32828
32820
32847
32899
32989
33077
33168
33239
33309
33359
33399
33353
33418
33406
33468
33505
33468
33537
33545
33609
33685
33659
33628
33642
33641
33592
33640
33614
33579
33637
33647
33677
33723
33759
33757
33787
33829
33856
33828
33912
33924
33999
34069
34100
34085
34152
34184
34139
34182
34246
34224
34286
34319
34329
34403
34354
34374
34415
34478
34432
34457
34437
34419
34439
34511
34500
34496
34515
34593
34639
34627
34620
34591
34542
34498
34454
34464
34494
34519
34535
34576
34536
34574
34622
34608
34702
34697
34776
34793
34762
34768
34721
34701
34691
34703
34778
34801
34845
34819
34901
34971
35052
35104
35155
35130
35142
35169
35221
35271
35237
35233
35199
35208
35252
35339
35387
35354
35431
35444
35481
35516
35598
35639
35599
35639
35634
35605
35555
35648
35702
35789
35827
35847
35874
35905
35889
35876
35906
35991
35974
36031
36061
36138
36189
36264
36303
36332
36297
36260
36310
36402
36378
36373
36327
36390
36377
36409
36504
36497
36454
36523
36503
36587
36551
36531
36575
36658
36668
36673
36753
36762
36761
36832
36912
36871
36916
36944
36938
36903
36868
36825
36915
36880
36978
36978
37019
37058
37158
37192
37203
37243
37233
37194
37228
37313
37400
37406
37424
37392
37469
37526
37593
37589
37578
37566
37574
37528
37570
37654
37656
37616
37654
37648
37744
37820
37783
37834
37895
37939
37963
38004
38066
38153
38228
38182
38237
38204
38295
38304
38318
38309
38306
38398
38425
38399
38376
38383
38383
38407
38458
38408
38459
38501
38585
38656
38724
38822
38785
38807
38794
38795
38779
38803
38878
38859
38924
38888
38987
39031
39027
39108
39060
39127
39111
39068
39114
39120
39151
